1000
3
131
404
511
329
678
171
517
255
736
1
797
332
710
27
715
700
764
54
708
586
230
499
16
267
132
381
164
79
632
478
86
312
106
707
51
673
144
606
33
601
420
279
363
222
575
39
366
523
605
215
128
789
669
642
413
368
451
371
455
798
256
58
771
105
651
596
384
679
170
390
788
565
102
497
681
790
174
685
524
779
382
330
182
487
526
243
0
624
430
505
686
353
539
603
179
716
661
774
721
231
434
175
309
763
433
85
184
122
612
590
139
751
208
653
742
628
549
730
426
479
758
477
127
34
145
10
422
87
512
126
380
462
397
427
193
201
376
542
584
186
192
581
703
348
11
428
22
514
418
677
691
308
335
429
670
165
253
424
177
697
529
295
656
61
247
260
648
495
600
306
98
737
778
88
236
726
574
439
118
49
559
228
551
620
490
357
225
769
464
148
68
696
749
41
692
409
494
643
615
358
545
89
80
515
533
720
640
303
556
315
412
212
331
486
795
270
599
682
197
588
383
725
701
18
671
30
76
251
385
328
554
296
72
12
667
647
441
695
194
233
607
199
563
301
104
257
465
617
561
254
637
244
354
594
134
614
622
17
218
146
613
275
272
111
378
414
370
747
457
560
147
375
7
392
591
598
232
324
508
300
362
566
680
735
450
316
731
666
794
343
140
543
334
756
188
688
211
460
732
276
535
719
475
26
469
136
406
484
537
616
42
783
777
593
476
305
6
659
402
572
92
224
516
569
163
151
654
625
472
504
496
652
580
761
168
519
158
45
544
183
507
65
60
35
445
159
619
342
221
367
66
311
322
114
604
785
317
711
618
734
668
169
339
119
284
36
280
459
356
389
709
509
152
394
663
792
417
281
38
579
187
781
672
156
107
386
150
506
638
195
665
582
436
635
396
103
46
746
548
173
289
738
717
336
262
365
573
240
109
399
226
246
449
592
153
568
463
326
286
95
684
448
263
259
351
741
29
744
19
293
149
492
189
91
520
135
299
20
360
743
423
99
454
718
525
350
627
14
5
432
337
130
202
207
333
160
528
52
623
223
313
780
24
727
699
547
291
113
655
641
40
248
729
31
200
419
352
277
775
662
297
319
117
4
687
73
571
690
664
649
403
94
491
121
93
37
536
773
25
217
766
570
503
21
63
196
268
768
466
47
675
791
90
157
567
310
261
70
143
474
235
245
265
314
185
258
162
564
176
748
447
502
408
320
62
374
101
446
722
167
271
541
388
658
481
522
657
15
266
273
288
704
705
56
213
461
772
431
553
155
435
216
518
521
242
550
391
294
341
650
471
282
750
421
683
644
723
456
238
346
395
304
355
577
442
739
53
96
161
728
538
410
415
438
180
338
437
219
120
621
740
458
676
190
393
754
81
345
405
724
793
361
205
142
745
220
8
327
210
23
181
69
125
82
110
752
473
558
611
639
252
578
43
138
349
398
249
78
482
154
264
444
498
527
540
755
133
770
552
64
411
706
608
278
597
483
576
530
209
501
784
400
760
129
191
50
500
198
373
44
646
443
387
626
787
325
57
77
488
141
347
765
112
9
470
123
425
178
204
234
776
694
28
137
108
75
302
229
631
344
379
757
290
323
532
13
59
485
467
359
298
595
510
241
534
440
762
274
796
416
698
674
562
116
693
630
372
786
292
407
369
67
602
767
239
489
318
480
97
713
633
782
74
84
493
48
214
753
712
364
2
799
468
115
32
660
283
513
285
689
531
55
645
759
587
172
583
203
401
452
206
546
227
629
636
287
83
100
124
321
555
377
589
609
733
71
634
269
585
557
340
610
453
307
702
250
714
166
237
188
192
174
127
75
33
25
81
146
99
85
167
0
47
2
41
130
184
114
52
67
84
154
89
73
128
18
137
160
36
153
91
150
23
116
168
6
48
123
139
31
34
101
11
171
72
57
49
161
165
26
87
54
112
68
193
109
145
45
1
124
82
169
51
13
138
93
60
132
7
61
199
175
144
103
4
90
94
69
164
125
198
117
182
120
42
40
172
110
59
58
147
133
106
50
35
76
194
156
162
170
63
102
131
134
136
118
14
88
53
185
70
173
100
177
79
163
142
86
19
115
21
12
16
121
98
183
176
3
39
9
157
151
96
166
187
195
148
152
27
38
105
10
74
77
46
62
43
179
108
24
71
83
20
191
56
37
29
122
129
126
159
95
181
186
55
178
196
32
65
190
158
5
149
140
119
107
180
113
28
143
78
64
44
155
189
104
80
92
8
111
15
22
141
30
135
197
97
66
17
