1000
0
1
2
3
4
5
6
7
8
9
10
11
12
13
14
15
16
17
18
19
20
21
22
23
24
25
26
27
28
29
30
31
32
33
34
35
36
37
38
39
40
41
42
43
44
45
46
47
48
49
50
51
52
53
54
55
56
57
58
59
60
61
62
63
64
65
66
67
68
69
70
71
72
73
74
75
76
77
78
79
80
81
82
83
84
85
86
87
88
89
90
91
92
93
94
95
96
97
98
99
100
101
102
103
104
105
106
107
108
109
110
111
112
113
114
115
116
117
118
119
120
121
122
123
124
125
126
127
128
129
130
131
132
133
134
135
136
137
138
139
140
141
142
143
144
145
146
147
148
149
150
151
152
153
154
155
156
157
158
159
160
161
162
163
164
165
166
167
168
169
170
171
172
173
174
175
176
177
178
179
180
181
182
183
184
185
186
187
188
189
190
191
192
193
194
195
196
197
198
199
200
201
202
203
204
205
206
207
208
209
210
211
212
213
214
215
216
217
218
219
220
221
222
223
224
225
226
227
228
229
230
231
232
233
234
235
236
237
238
239
240
241
242
243
244
245
246
247
248
249
250
251
252
253
254
255
256
257
258
259
260
261
262
263
264
265
266
267
268
269
270
271
272
273
274
275
276
277
278
279
280
281
282
283
284
285
286
287
288
289
290
291
292
293
294
295
296
297
298
299
300
301
302
303
304
305
306
307
308
309
310
311
312
313
314
315
316
317
318
319
320
321
322
323
324
325
326
327
328
329
330
331
332
333
334
335
336
337
338
339
340
341
342
343
344
345
346
347
348
349
350
351
352
353
354
355
356
357
358
359
360
361
362
363
364
365
366
367
368
369
370
371
372
373
374
375
376
377
378
379
380
381
382
383
384
385
386
387
388
389
390
391
392
393
394
395
396
397
398
399
400
401
402
403
404
405
406
407
408
409
410
411
412
413
414
415
416
417
418
419
420
421
422
423
424
425
426
427
428
429
430
431
432
433
434
435
436
437
438
439
440
441
442
443
444
445
446
447
448
449
450
451
452
453
454
455
456
457
458
459
460
461
462
463
464
465
466
467
468
469
470
471
472
473
474
475
476
477
478
479
480
481
482
483
484
485
486
487
488
489
490
491
492
493
494
495
496
497
498
499
500
501
502
503
504
505
506
507
508
509
510
511
512
513
514
515
516
517
518
519
520
521
522
523
524
525
526
527
528
529
530
531
532
533
534
535
536
537
538
539
540
541
542
543
544
545
546
547
548
549
550
551
552
553
554
555
556
557
558
559
560
561
562
563
564
565
566
567
568
569
570
571
572
573
574
575
576
577
578
579
580
581
582
583
584
585
586
587
588
589
590
591
592
593
594
595
596
597
598
599
4599
4593
4582
4571
4569
4532
4529
4520
4514
4497
4477
4465
4459
4444
4417
4407
4400
4391
4388
4376
4372
4346
4335
4324
4300
4295
4293
4292
4280
4268
4253
4217
4214
4199
4196
4190
4180
4168
4147
4146
4142
4140
4114
4108
4103
4099
4090
4073
4040
4025
4019
4015
3999
3989
3981
3971
3965
3964
3953
3949
3920
3914
3902
3898
3889
3883
3871
3862
3858
3853
3852
3833
3803
3795
3791
3776
3765
3761
3733
3732
3722
3718
3707
3706
3702
3686
3676
3662
3654
3650
3645
3638
3635
3630
3616
3612
3599
3559
3553
3548
3540
3527
3514
3511
3498
3478
3471
3458
3450
3419
3395
3389
3388
3385
3380
3377
3375
3361
3353
3338
3337
3335
3322
3315
3314
3310
3302
3301
3300
3252
3248
3241
3230
3229
3224
3221
3213
3208
3176
3164
3157
3133
3131
3125
3108
3101
3072
3060
3058
3043
3013
3007
2998
2990
2985
2980
2955
2951
2942
2920
2911
2910
2907
2905
2899
2897
2874
2867
2863
2847
2815
2785
2747
2717
2711
2709
2706
2695
2665
2658
2657
2650
2649
2644
2641
2626
2621
2613
2609
2580
2571
2549
2546
2543
2535
2526
2521
2514
2492
2484
2482
2478
2476
2462
2454
2452
2442
2422
2412
2398
2394
2387
2377
2366
2355
2337
2333
2331
2329
2327
2316
2313
2309
2307
2302
2292
2270
2235
2233
2229
2205
2185
2184
2183
2182
2181
2175
2173
2167
2162
2158
2150
2144
2118
2098
2096
2086
2085
2080
2079
2069
2065
2060
2045
2043
2040
2021
2004
1985
1984
1969
1954
1934
1932
1931
1925
1922
1898
1881
1865
1861
1848
1843
1839
1835
1829
1828
1823
1815
1799
1796
1751
1735
1715
1714
1712
1708
1696
1667
1658
1642
1639
1615
1610
1602
1597
1585
1571
1570
1556
1555
1554
1544
1527
1519
1512
1511
1497
1484
1480
1479
1469
1450
1449
1444
1439
1414
1412
1399
1397
1354
1353
1326
1285
1268
1260
1256
1255
1249
1248
1235
1218
1204
1194
1179
1173
1167
1157
1145
1133
1132
1122
1112
1103
1093
1078
1072
1055
1053
1048
1047
1042
1034
1010
1008
1005
997
988
986
971
968
966
955
954
953
937
932
929
916
911
905
901
899
896
893
890
884
879
876
854
851
844
837
831
801
773
751
725
714
685
671
652
641
640
638
635
630
618
615
603
