1000
450
403
83
367
11
102
491
397
226
483
480
451
196
280
45
185
477
57
192
412
487
77
132
208
273
15
328
148
121
90
443
165
254
374
39
531
40
283
135
108
224
327
440
559
473
265
370
582
445
41
560
492
114
414
517
71
419
330
68
289
5
542
109
262
295
236
382
158
20
187
599
411
365
4
534
139
462
302
513
3
189
538
363
539
43
392
292
221
339
291
294
566
389
586
276
62
533
296
466
266
219
376
458
97
175
578
51
123
558
9
155
418
19
506
358
457
210
356
526
119
207
341
22
555
133
372
142
441
47
368
215
322
209
438
348
359
144
188
345
267
496
562
260
127
1
545
279
284
100
106
587
74
350
424
404
594
435
383
258
55
2
346
58
494
180
320
343
27
190
575
16
171
216
231
300
433
183
293
259
131
426
329
444
337
104
145
271
26
81
79
256
406
152
349
369
467
37
156
66
191
50
147
63
242
201
571
563
362
107
112
184
314
519
85
12
460
567
61
303
535
56
416
229
505
427
431
168
240
518
163
290
53
157
338
454
14
115
326
202
8
200
527
596
78
249
413
482
315
388
332
551
28
153
547
176
479
524
160
544
478
70
222
455
116
166
111
33
380
465
572
203
387
384
385
456
442
324
211
310
590
308
92
593
243
511
401
7
31
591
6
151
233
428
309
99
481
253
143
317
64
25
476
554
420
548
579
541
499
269
396
275
213
60
282
523
321
557
410
430
173
194
225
101
307
170
257
334
503
199
569
592
241
84
574
351
251
49
169
281
377
461
386
21
423
319
110
232
448
486
514
398
407
149
34
378
18
154
297
500
48
439
227
252
379
44
95
214
568
434
89
366
138
470
325
550
522
263
129
113
159
87
82
181
432
186
75
489
122
580
409
565
570
286
507
174
588
206
501
52
353
537
29
584
318
235
88
298
331
459
352
162
512
239
468
228
312
497
278
361
510
585
371
65
164
342
355
532
248
86
178
399
91
597
436
69
212
437
553
277
146
30
595
357
360
126
167
415
375
125
311
495
250
301
373
528
405
299
381
589
573
421
54
255
502
484
234
354
490
220
0
96
246
272
42
205
23
46
335
306
583
140
38
305
408
134
270
391
94
336
223
103
521
508
422
247
564
364
36
316
340
463
390
530
193
72
245
493
172
197
543
35
124
472
118
529
195
141
137
452
344
561
393
549
540
264
237
285
268
323
288
556
161
446
304
509
504
577
516
425
313
449
179
469
217
395
347
204
485
520
218
13
536
287
198
333
474
182
261
98
525
177
417
80
402
67
515
394
130
471
475
498
274
136
464
453
581
576
230
105
10
17
59
128
117
546
24
93
447
552
400
76
73
244
429
238
32
598
150
120
488
57
101
104
278
151
212
39
395
32
110
219
73
304
141
153
362
341
34
235
228
274
328
152
140
318
303
277
89
188
372
133
383
346
197
320
47
145
333
222
325
132
78
238
375
280
40
168
194
135
319
359
81
365
120
368
206
354
170
279
85
215
139
199
1
382
293
184
96
3
358
147
392
248
213
142
254
53
258
339
13
137
193
45
123
276
105
389
66
285
352
230
138
97
182
249
360
48
205
356
239
234
164
218
11
287
108
94
119
351
93
366
187
284
106
220
296
231
82
4
322
342
394
166
388
262
63
92
266
59
167
41
381
237
265
252
203
202
326
305
46
112
289
154
353
55
270
348
9
33
174
163
14
364
100
397
16
250
271
83
226
5
117
281
10
25
149
51
295
323
204
2
156
172
72
130
200
99
380
29
338
367
111
128
107
44
86
185
282
376
347
18
361
8
272
181
273
259
68
113
95
0
80
314
28
155
297
22
171
198
336
17
210
337
245
121
90
54
76
216
23
283
275
330
357
6
345
159
335
233
223
175
38
67
195
58
373
264
103
24
150
313
240
74
118
260
307
122
65
316
246
344
236
391
161
31
329
311
192
327
196
71
19
62
290
294
301
298
190
35
310
162
77
332
292
334
180
102
146
253
116
379
257
308
317
208
315
217
136
244
79
263
75
114
261
374
243
331
321
21
43
350
211
207
241
69
178
247
20
143
324
390
255
177
27
179
126
15
302
64
42
87
209
109
158
88
371
340
176
355
309
269
378
232
7
26
386
251
52
84
115
268
30
50
160
189
49
56
312
306
370
127
399
225
227
369
125
286
385
387
36
37
288
398
186
256
148
267
157
165
343
299
214
242
129
377
91
61
191
131
291
201
384
363
134
224
183
60
144
173
221
169
349
229
300
124
98
70
393
396
12
