10000
4657
5164
1795
2065
2543
1669
2762
5194
3434
1603
3994
5577
4568
3886
3549
3597
2130
5298
2431
4690
1996
5790
892
3236
914
180
2620
5903
298
2729
5051
4715
4577
2811
5665
385
2364
4010
662
4273
5407
4863
942
477
5663
4085
348
4483
5454
5495
5246
3506
2990
4356
2488
2282
5071
97
1518
4951
3629
5299
3322
4334
5089
2822
5626
5282
4040
5195
4777
2172
482
4379
1312
680
3125
5281
1803
4627
40
158
5651
2197
2882
4718
4775
2153
4640
1427
3006
132
5574
5731
4987
5941
4295
5979
5221
5063
1723
5433
654
979
3314
3615
4707
5145
2900
5317
2514
5276
3791
1502
5573
1416
60
5412
2237
4001
2522
5059
3681
2653
1733
45
1969
5858
952
5945
3399
4327
4814
4357
2333
885
3227
5371
1457
3997
3502
2185
2244
5886
1272
4964
4270
1376
3646
1734
4216
460
4162
4077
1693
2654
3201
3510
4588
5877
5346
4632
4792
3754
2880
4646
5950
5664
1485
916
472
2927
29
4098
3326
410
2141
782
4369
889
713
1779
1790
2576
2718
3340
5580
1758
44
2579
860
1236
1781
1764
4683
72
1952
5424
672
1759
638
1477
4522
3431
1474
162
5519
2290
1343
2423
1084
3883
5629
1634
1560
5029
4457
2395
5918
608
2115
581
5824
5565
5981
2242
1966
2002
5039
5426
1244
3535
174
4540
943
5368
2287
4283
656
5976
4835
1304
4420
549
398
1185
2800
5909
3026
569
5255
3557
22
428
3738
1161
5549
5188
1918
4514
5380
2829
5135
2315
548
1820
568
1658
4748
3602
3145
3045
2780
5643
1504
377
1316
5256
5776
3753
2138
4572
3663
5697
1329
2796
5509
3448
2265
1279
516
3274
3401
2266
4908
4972
3943
4643
4301
4067
3347
4712
4454
5101
37
3288
5243
352
2722
4155
1003
5501
3174
946
1274
2635
4786
4256
624
213
1359
3362
5275
4035
2773
1594
2892
1106
588
1973
285
1103
4258
41
2583
1895
2627
1176
3940
2974
4717
4194
2010
2745
1987
528
5035
551
4078
818
2826
5760
4230
852
2709
2638
4998
1037
3845
2947
1066
1238
1174
1494
2295
5156
1072
3130
2723
1902
5506
4885
5534
3899
5667
3599
209
4746
3644
157
3048
5297
4999
5389
4000
4231
547
1500
4621
2657
5247
145
359
573
1438
3710
3697
42
1285
2414
1925
3412
813
5871
3212
4123
1566
3745
3866
5030
2779
2945
1599
3672
3733
3064
5166
759
1681
3894
3571
3970
4269
3194
5666
4281
4750
146
5016
4967
2950
2056
5444
820
1763
537
4251
3642
5386
3881
5119
3617
4041
1472
4841
1403
1134
3656
2951
4202
4846
4828
912
1850
2708
2193
3157
5590
4069
3116
868
1975
4055
2934
24
2592
557
420
798
2713
2750
4288
760
4189
147
2015
2794
3603
2594
1341
2337
432
1538
3053
3219
2799
5698
4034
3855
1495
3731
2322
5543
4822
2819
3068
980
7
5940
1614
5540
3112
2836
2094
3383
5118
2308
108
4455
685
824
3076
4280
5455
2125
5326
5369
556
4116
792
2347
4680
4465
4488
5159
970
636
1468
642
2371
2450
1378
4663
1453
500
3489
3923
4031
5914
617
4962
4744
2596
1532
5728
2291
964
972
5244
2526
2469
4261
5123
430
2224
3527
1516
2760
2921
1395
220
2059
3497
3120
463
334
3590
5772
4426
3327
911
2101
3494
5942
322
1821
3819
3482
3452
4852
5265
2210
577
4512
394
473
2595
346
917
4023
5952
2853
4620
4083
99
5970
27
687
1087
5717
4229
3839
3036
1364
714
3904
5673
3455
4170
900
2029
5865
1694
5561
2675
3158
1592
2704
1100
3619
5815
4858
4831
2181
2991
5556
2199
5200
2338
730
5898
702
4476
2392
1684
2924
1536
2770
2171
1476
1622
3869
2376
5955
5921
5513
5869
5310
5308
1686
1837
3359
5280
4799
2107
571
5777
68
1555
1387
5550
1344
4530
2652
1590
4461
5985
2885
3822
4883
2876
1298
1939
858
1260
2407
5437
2572
3454
3472
5961
4968
2133
5078
3415
185
2809
3852
1727
1251
5137
5671
4833
2588
1151
4925
1215
148
582
1491
2196
1649
2219
4922
3741
5289
5990
5625
4667
5915
2482
3565
2142
3187
3453
3547
2597
1890
2408
4226
2527
2055
4590
4505
2542
1422
5228
5997
2697
5748
2019
5270
1698
4507
2421
1509
2070
493
5856
5890
344
1409
544
5792
4032
2038
4268
781
5269
4738
3749
2808
610
5285
4159
5532
5018
3029
311
4789
1245
203
1222
1682
3014
1544
2789
4245
2541
3723
2194
4432
195
69
2797
1447
1573
1237
3195
827
961
1570
4326
5323
4328
5706
5511
941
5359
3537
4019
4220
4872
2662
5913
5445
2257
4212
3247
2260
4360
2325
4309
3655
2441
3683
2191
2468
4825
137
5103
3318
5186
2623
2758
5122
208
3562
561
5782
1577
3392
494
5547
2340
3176
2083
4971
5462
1404
4912
1647
2844
390
5661
247
4733
5593
2042
2457
5733
2030
3255
653
5606
5823
2218
1020
4094
4810
3143
4178
3352
1612
1255
3496
1340
56
2905
3162
4641
3805
3463
1208
5693
5960
4169
116
4584
3717
4049
5130
5944
4551
5449
634
5309
2231
5770
5301
2917
4944
2839
2261
4963
4444
4221
5618
224
83
2211
1926
2427
2761
300
591
4296
3755
412
4392
3657
4148
3600
259
4815
2223
2229
802
5656
3146
5560
719
5115
3514
1801
325
5586
2302
1398
104
39
1407
1189
5567
3859
4259
2749
164
345
4262
3047
5080
3520
1428
5732
1882
2834
1054
25
4188
1561
769
906
3976
1077
1400
1212
699
1999
2861
734
1789
1600
3766
3127
38
698
5092
5192
969
796
2456
2003
4945
1716
5917
2474
2841
1332
2659
3271
2715
183
256
4864
5700
2020
1198
1290
2067
1187
2686
5752
4165
5491
3200
1528
756
2023
1958
1683
4704
4418
2890
3240
4018
650
4184
4081
269
910
5458
2534
3093
1451
4335
2936
2024
1656
1092
3407
3059
248
752
618
3574
1292
3234
5004
1893
4542
4910
938
3618
4757
3019
5459
3088
808
3425
3896
3215
3661
3698
1467
2033
3913
4193
5492
5750
3567
1817
167
4676
2563
4559
4805
4350
2680
4166
612
3257
5213
4661
342
120
485
5235
2875
2476
2428
3199
1220
862
4888
5934
4665
5933
4783
1075
3366
3706
2198
4984
1429
2419
4112
5605
1034
3263
5559
4236
2933
2406
3861
2006
2086
896
1195
5288
4571
3168
3427
3193
4595
4615
114
5109
1583
5485
4434
2053
1630
2461
1605
5757
5210
4558
1663
2693
1513
4914
5957
3843
3929
1930
5057
5520
1032
4920
4497
4732
841
5242
2981
5106
2832
474
630
4002
4518
5634
3166
3504
2105
163
3085
2619
4012
5640
5662
401
135
2243
673
530
5528
4855
63
773
4649
1517
951
501
563
3711
2425
1278
4286
1062
3198
1297
229
4117
4367
1665
3181
4257
5787
2560
52
3563
4313
908
3488
4191
5450
1299
3251
3746
956
5087
5595
4878
5719
3373
5179
3151
2393
3984
2008
3773
30
3589
2434
5333
1235
2831
5141
5659
1250
5056
1737
5507
5225
1177
1954
1627
4052
5603
1342
1774
837
4323
2360
23
127
2303
3967
1584
2039
1466
2961
512
1525
3350
214
5252
3144
2857
5688
2891
1743
1714
5773
1793
169
2212
4411
1419
4057
958
2756
4355
668
3611
3410
442
3873
4721
1191
3750
5907
87
5973
5432
758
1137
2366
4056
4181
5668
101
3011
3627
705
3554
1879
1142
604
2089
4274
4938
3476
3043
2491
3927
1442
3290
1970
3727
599
3561
2119
5385
5249
536
2696
4724
2009
1913
1662
4740
5022
4532
990
5802
3951
1768
4044
2533
5417
4574
3124
111
2925
2331
2481
3284
4848
4673
646
4875
3876
184
1897
1867
1687
5885
2382
1358
767
5608
315
149
4349
4403
5916
5208
335
4343
3273
743
5319
3596
1576
1158
861
1163
5405
2375
1625
1936
2812
2714
1349
1730
2084
2387
233
5759
4519
2459
4589
3947
3803
5373
4921
5504
5064
4182
2754
4924
3950
4415
3889
2348
1325
819
5490
5111
5558
4322
4901
5350
4561
4891
3100
3790
5571
3445
5602
416
1078
2047
2362
684
3847
1626
4068
641
1565
1677
2555
4978
5120
4353
4765
4241
5408
5379
5737
1503
2957
5325
4862
3595
5838
3380
1311
340
4952
2356
4607
3044
211
1418
967
2443
1582
768
3830
2943
2031
4736
1024
2359
4025
845
2026
3474
4421
695
4991
3662
5165
4321
5715
930
5396
1414
2175
1005
3864
6
4222
1487
3117
5639
357
895
5245
2904
4103
2725
3700
5220
5233
4079
306
842
4616
5880
1392
354
1632
742
2192
3460
3046
531
982
1214
5048
3808
2864
62
1667
5365
4687
2349
245
3548
1368
1520
809
2097
947
4197
3764
409
3342
856
4659
2827
3306
1579
5983
1810
2484
1267
381
3636
2807
2057
5888
2865
710
665
5248
3570
110
3123
2850
2782
3104
3675
3205
70
3058
156
2234
1426
725
301
4003
5423
4011
4291
391
5438
380
2352
5330
5575
3357
4423
3222
1814
1591
993
1164
4608
4319
1690
4759
4699
4996
402
5966
411
1010
2849
3566
950
4371
3000
4358
3887
1596
2688
5774
370
3689
2953
5000
5416
522
2798
3214
2598
1154
467
2176
1338
4800
2711
2669
4528
3846
4468
3080
2676
429
3511
1851
4811
4566
839
4264
2504
1941
4391
2636
5452
3256
2478
1459
5237
751
3983
2674
766
4213
5616
1326
1143
4146
3693
509
5081
171
242
3372
4720
4342
1119
365
1181
5523
5219
4817
5987
2539
3169
491
5420
2222
884
5842
4903
1751
1641
5026
3245
465
5
5908
3061
28
1450
5736
2370
5862
675
5395
125
4435
1007
1861
1042
5094
2965
2963
4929
3680
2878
4771
5484
4543
989
5480
2956
2410
4076
2477
1827
2540
4059
4284
2182
3040
4702
2607
5855
1441
5696
4254
5306
2898
1606
1242
1317
913
2351
3404
1424
1017
3420
2074
277
1919
1885
16
4462
3066
1629
5953
2162
3945
4219
1493
4653
5514
606
3182
2109
1864
4240
4916
1542
4808
1490
815
4020
199
292
4471
5894
3424
4201
3812
362
5678
1393
5261
4484
5555
5870
3977
4187
2263
3480
849
1240
1276
4502
901
627
2786
4460
4042
67
2330
2113
3673
1796
840
314
4009
5400
4450
1823
3390
1016
4409
2801
3142
3628
712
2436
4340
4834
3907
2740
4801
1345
5531
797
347
2568
750
1147
4782
5364
1732
3912
929
5205
2546
1916
2283
3965
1371
4881
5340
3173
172
682
5743
2988
5587
1784
5212
452
1580
4047
4813
1849
1924
5023
2644
5049
2232
424
1351
3838
3323
4141
4144
4637
3576
1905
4669
1874
1038
3924
4352
1162
1530
4696
4062
2372
487
558
5901
623
5488
3930
4095
935
4617
1318
152
1998
4893
3033
735
2940
2432
5811
478
761
2235
1112
212
4940
3034
268
464
3958
3564
3959
5435
54
4406
3220
4970
255
3771
2103
5597
5427
3223
3730
5601
1894
5992
5129
3315
2073
1856
2206
3041
5726
1045
189
5563
4824
4969
2805
5207
1623
4307
1618
1718
2738
1708
2389
1841
4320
5619
5964
5075
5704
5710
1654
4190
829
2971
1889
1876
5533
4995
5403
5911
2273
2022
2787
1775
4735
1027
2710
4807
1150
1636
2517
317
2911
5020
1256
4152
3957
1213
3354
1906
5351
4397
5928
3534
5535
1209
400
4200
5460
2685
4087
3370
3406
5154
5832
526
717
1575
2741
5638
1210
4368
4045
826
4949
1367
5723
747
2824
2365
2616
5807
1523
3334
2813
4022
5293
887
4446
4370
4655
4070
5153
4600
423
4138
5011
4404
350
4318
2076
2301
5900
5479
1756
3110
825
2470
2776
2114
4547
1280
1009
3024
2975
5274
1978
5843
3952
5464
1639
607
343
254
2034
981
3291
505
2429
3942
1374
2062
251
244
4195
4741
833
3575
1319
1720
2630
1226
5234
326
4417
4157
4927
246
878
1797
1657
3863
4536
3067
2692
3002
585
1314
3784
1132
1233
1501
1881
595
1896
2001
2409
2402
5287
48
3012
1231
4670
3826
4387
4593
648
5050
1757
2695
5240
3081
2618
4214
1607
4766
1846
2355
3638
4923
2159
2183
2032
1738
4485
2041
216
3569
3639
2915
5568
154
1082
835
5144
1000
4290
2296
2165
3209
2996
3186
4794
1901
5209
1974
5734
3669
4997
3007
3699
2649
5808
4684
273
2520
5474
2632
3111
5828
4549
4125
14
3300
2099
192
2345
3270
3685
3536
5046
1877
3208
4838
4046
1048
1912
4886
2694
263
5919
4130
4517
1263
4120
5847
5604
4557
5630
5584
2949
3670
3647
657
34
2215
4375
5181
499
2575
2633
2140
2005
3241
3905
2458
4812
5494
4033
2374
816
2985
5037
4745
3028
1104
4843
3348
1125
129
2899
4752
5487
3253
4784
3108
3224
5596
3188
4463
4689
1552
570
3807
4896
2983
3915
5493
1348
5372
2341
1992
855
1051
4066
2442
5019
4706
791
433
1766
5383
3259
4496
5027
5978
219
2124
379
4140
372
518
130
2599
5139
3282
5146
1585
543
2771
2967
4623
5469
4136
358
614
3888
2535
4553
3087
3867
1301
5943
4107
3860
5833
3479
293
1480
5912
4132
3083
3387
1190
5867
5989
5203
275
1815
4115
2806
5840
5982
5316
332
5592
611
1275
4347
762
5014
1908
2781
4338
457
5512
1638
4686
503
1749
201
3608
1564
3935
1888
3221
4104
3786
1701
1273
4093
5382
2329
4351
1907
3993
261
2220
3030
2336
3129
1754
1994
4743
4363
923
2755
2895
4902
5615
5746
1909
4206
2401
2018
2691
2117
4282
443
4671
448
2820
1645
3057
64
711
4185
497
5425
1482
4658
3568
206
5021
4171
3107
3349
1744
1339
5302
1745
2860
4581
84
182
5009
2007
5090
4679
2603
1816
2889
992
4372
2928
1120
5977
5738
279
1822
414
2574
3017
5980
4695
4374
2116
1294
1099
4315
538
5690
3743
5318
186
3393
5311
4008
2493
4994
1415
2319
389
476
178
2060
5967
821
5304
4080
2751
4769
3541
2979
1915
2161
4036
5713
3513
921
4516
3560
1253
4088
1288
5436
4378
848
2959
5138
3163
274
3232
2634
2769
2379
1997
5283
4199
1617
3283
252
1203
2735
2298
3056
1144
3991
2757
4837
4774
1159
1448
3119
2111
3516
5105
4425
2585
4233
5441
100
4121
5764
2677
239
4826
5500
454
3363
5034
3865
2734
5498
1811
2297
1773
1787
5352
5905
5607
3343
4163
2969
5190
2523
3686
1761
3331
1271
1247
739
5428
5502
4377
784
2213
2497
5327
2702
2877
5708
4592
1170
1521
4289
3666
594
2581
5744
1184
1497
2804
3140
2922
2665
1529
3071
5801
5835
4218
3531
4061
1486
4585
2135
5499
3801
3556
2195
5413
2463
5418
3338
3141
5761
4904
5570
2986
4678
5793
3897
1098
2354
4798
1139
419
1650
2403
726
3483
2848
3794
5097
4433
1805
3701
5224
55
5525
2248
3161
106
2937
4776
1691
5641
5755
2872
584
4276
367
564
1324
2554
3267
4668
3836
382
5202
341
3868
1586
1938
5816
5923
863
5785
5321
5226
2748
1746
3789
2309
4493
4277
1211
724
2050
2972
4354
5384
1862
1498
2202
2078
4494
5335
836
2816
3926
1567
5959
928
4325
3481
704
4723
5402
5076
5622
1799
80
2593
5133
221
2085
4857
1587
5620
4479
3804
4719
1286
4492
3309
5623
2373
2380
5756
2858
1644
4926
3457
3102
3724
170
4039
3630
4809
3426
1539
2228
560
5157
3484
1540
1307
2390
1044
4781
3539
4153
2186
5033
3467
3351
2609
3582
716
4919
3593
4523
1029
98
1685
2866
1721
5727
4563
774
1514
5053
3303
2294
5538
2467
2098
4249
3005
3588
1002
5143
5937
468
4399
1431
2226
2778
4758
3623
4793
4941
2013
5694
5739
5742
2845
4509
384
4709
4629
2399
4487
5681
2304
2970
3055
4619
5872
1854
4043
3121
4232
2507
5174
1859
2240
1959
944
376
5582
3156
4065
57
4408
3500
2817
3824
5227
3464
3471
5672
5993
1834
5994
5465
5631
5478
2471
4569
2699
5231
258
3649
4778
1118
4381
4913
4870
995
3325
550
4622
427
3065
4137
1401
1769
5296
838
3606
374
1981
2495
2449
879
371
2394
1375
200
5363
5797
2100
3094
3487
2519
1354
5279
2326
3432
5206
1983
1804
3377
4106
1388
4160
1321
3152
5946
2833
3050
655
788
1053
139
1305
2346
2043
5007
2123
1813
2647
5446
513
3371
5216
5201
4348
1330
3155
5685
3109
514
3652
2385
1076
2706
235
1206
5562
3375
3070
5730
5768
2923
1835
5291
1315
3475
1563
3252
1642
1808
3633
5162
1243
2177
4442
3133
3792
10
5178
3879
1121
5529
1780
2170
3285
31
1153
3862
4060
5653
2335
2253
2870
1980
3281
5182
2430
4570
1122
3246
75
5294
4405
3954
5781
453
1110
1473
3335
4279
1470
2552
5204
1483
3289
3524
5675
2448
3612
3279
600
3614
674
1898
5429
2910
5083
2512
1558
5883
5448
4459
5882
4131
4787
3968
307
349
4803
527
466
2439
5600
2500
3767
3229
3543
1420
4859
4806
2156
2417
2852
1015
1097
3953
5576
161
5517
2631
5691
1443
4700
703
2267
5439
267
5724
1425
2063
4989
3492
484
4063
253
5343
1696
5861
4918
2398
2167
3732
1080
2092
5613
828
4305
3821
2586
5864
2814
5895
1391
2052
3394
4844
1551
3477
1257
3878
299
4413
3918
4576
257
1370
3587
226
3573
4990
763
290
907
937
720
1196
4005
3450
3990
413
4985
1138
4697
9
3098
592
3691
1437
1660
5857
1303
3545
1289
4223
4383
4597
90
5112
77
5263
3307
5175
700
5223
596
1188
3376
3963
2931
834
438
393
2553
5849
383
5217
403
3202
3708
3207
4026
3495
2391
3713
5378
708
4836
1695
2082
5461
1313
2907
1355
1965
1740
4725
2363
2998
1408
2158
4959
1107
1666
1957
2622
198
4513
1004
5322
3491
2932
3684
5357
2506
1182
3191
1777
1111
3097
3297
4376
240
1791
4682
3765
1369
3308
3979
2454
857
3962
874
1945
1842
1475
5324
2698
3816
3149
141
4911
2855
2145
1559
1824
3966
2462
3919
3509
2982
4453
559
4113
3160
4694
5949
4168
218
2075
5505
3439
5798
5784
5391
4145
2126
2214
4086
434
5134
4297
4331
386
4975
1833
1088
1394
1492
2139
5215
3854
4330
3624
846
1609
3739
4028
2661
5709
5161
771
5397
948
5150
2081
3677
609
1651
506
4977
2178
102
5404
81
2451
5766
1193
4439
4477
3400
2388
2615
3364
5767
2292
632
3756
1678
2646
302
1731
2528
5874
4648
2894
5812
1736
2859
5067
4135
1413
2064
3275
4552
324
3796
5632
1327
5684
5947
2768
5503
686
73
4311
4753
2452
3276
983
4562
4591
2381
1899
2984
1689
4048
3748
3403
2305
2736
1534
1173
2830
1133
4639
3447
5722
4105
2712
1046
3782
3311
1006
5193
1830
486
4966
2120
5788
5260
1697
2903
5074
3235
3512
801
425
2367
3189
1865
1937
5096
2550
3060
2602
4179
5315
4626
1008
1747
553
3037
1266
4250
286
1179
3707
4412
660
1844
1917
1115
1771
133
2021
2624
5038
304
542
2612
2570
5040
2271
1171
586
4448
1336
722
1531
3382
1362
574
4730
288
5069
1828
1229
5390
1291
1302
2279
5121
1709
5897
4988
3880
3835
1241
2069
1412
1309
2538
5954
5599
160
159
2562
2127
1845
250
5879
3777
2136
2731
1664
227
249
3268
746
3004
3833
3101
4075
5813
3405
3620
3742
2276
4234
1674
1397
5893
5902
3261
891
2169
4173
4550
5496
3413
5591
1440
5140
456
5868
5920
873
2580
790
5589
1333
2518
1096
2687
5377
1515
532
4609
2763
587
5475
1218
3436
1036
1057
5848
4642
5988
1200
3877
1886
3015
2293
977
2639
2190
2871
962
3018
920
4565
4253
4662
4567
1800
5821
4203
4310
566
1778
658
1995
3729
626
2964
4685
1505
5058
1086
3768
3441
976
5489
5356
1175
2079
5376
1554
5530
1469
2025
5349
1199
1767
3381
455
3932
4114
490
1071
3114
521
3385
193
3008
5860
140
806
103
3763
3892
1423
5958
5171
3132
3530
2746
5548
3103
3217
2980
4017
2155
5873
804
546
1167
1615
637
5889
780
997
1295
1807
2048
3538
4693
462
4847
3025
1661
291
1595
2137
1507
5005
421
5581
3414
1934
4097
5594
3694
4211
407
691
5102
738
5850
800
3052
176
3659
3844
5099
397
2567
640
3115
4452
4947
2256
3834
4247
1873
5303
5852
5537
965
3518
1382
4907
5085
3981
287
5951
1692
1225
4424
765
3009
2011
3183
5095
207
2110
5054
5149
1061
3558
2559
5804
1616
5189
1109
2061
2245
5701
4731
1258
4602
1765
3572
5633
4150
1074
2648
3159
3969
5557
757
622
4365
2914
3137
488
5313
3016
1794
2532
2851
4302
4628
3780
693
1264
3022
4366
4014
5763
4556
2802
2208
4410
5637
692
3106
3607
3095
5329
2938
327
1361
2080
3664
2668
5268
330
4761
86
5093
1543
864
271
2868
3949
168
1471
2433
2413
5361
2221
3465
5831
2783
1869
671
272
5854
1014
2444
3774
3550
706
1556
4613
2054
3890
121
3293
1990
4727
2016
3631
4456
2803
4244
4560
3598
2317
2217
4829
5971
179
987
3660
3583
2049
2705
3503
204
1643
605
2277
882
4603
3820
5155
5116
426
817
5646
1887
2968
580
525
2252
4394
1569
93
1977
3478
3858
832
4364
2717
5999
3175
915
5899
5258
2179
4186
5962
2321
4529
2071
3379
1868
2464
1675
3814
3470
3734
5614
1922
181
2209
694
2284
4890
128
1224
5367
523
276
2939
155
998
4950
4762
5375
5434
4580
4469
2310
1858
1094
732
5272
3793
333
3948
5262
3690
4534
475
1951
1461
5124
187
2952
4090
4586
1931
3020
3462
1462
3925
2275
1853
2238
3721
3296
1127
679
701
4905
502
4102
3817
728
3635
1972
4980
1479
2316
1541
615
567
5839
1979
2036
1102
2564
2250
2121
689
5799
1832
1553
4713
1671
2664
3023
2660
2743
2888
4631
3874
2918
5635
2640
387
3078
811
1160
5891
552
1406
5185
1546
4638
2168
3280
3170
2501
5721
4521
3469
4531
3825
2901
2666
3885
1770
5809
603
2557
3726
5410
5104
4266
5830
3555
4304
3757
1852
4960
5348
4611
4930
5290
3645
5332
2314
583
718
5553
3705
4210
897
323
1064
43
2157
4818
5791
2994
799
966
3172
1946
4749
3761
5100
598
1557
1574
4666
4587
2241
2285
5277
405
926
649
1041
3032
3795
3914
3459
144
2066
2132
2873
2173
5472
2516
1785
2473
504
2954
3712
4050
4710
4722
1722
4382
2095
2547
1379
932
3089
3298
4856
5588
5422
5968
2684
1434
5068
408
1460
222
2995
3938
4672
2530
1464
360
753
5765
5387
3964
4172
223
5342
1967
3206
3939
1166
4362
2719
787
440
3523
1923
2188
5347
3621
2604
1148
3328
1962
715
4332
1026
5836
217
4207
822
5229
5025
877
5546
3374
5401
4677
2672
3936
5230
5922
3269
4728
5453
74
4887
479
971
5508
1363
1985
994
5072
4983
2536
844
5863
2200
5061
795
2320
4235
683
5932
1353
5338
1991
436
3658
5609
4013
3196
113
4953
2358
1839
4306
118
3719
939
4610
5572
3356
5199
3751
437
1172
3695
3105
3074
5152
5636
8
4111
2227
353
886
4126
1921
5725
4760
1059
5176
1725
3831
418
450
1270
651
336
3933
305
953
4373
2269
2544
3134
2201
0
5925
5132
985
4316
4395
5334
3339
1728
1248
508
3091
4729
5569
1047
4300
2466
4664
814
3321
3073
1699
399
847
2766
3230
5399
4635
5686
4874
3891
1322
4393
1911
4763
191
1252
4333
451
1481
441
5088
4538
369
3528
2944
5676
2906
2679
5518
4205
310
2249
5065
5003
4555
865
1571
96
1372
1910
5127
4224
5128
5043
681
19
4650
5660
2730
3988
4024
3609
4084
296
4389
1455
1655
1950
3386
5745
5931
318
5711
2764
778
4324
5551
4339
2916
1547
3837
3998
2521
2438
1069
5232
5236
3190
5160
4898
1216
3740
5689
2422
2837
697
5447
1588
2106
5649
4038
4385
294
1613
4467
3197
507
4227
3422
3154
2207
2502
2881
1702
5241
5677
4473
3955
1223
3072
1963
1310
50
2791
2288
5837
124
5431
1927
2678
1287
5295
2651
5939
4889
3164
4271
898
2835
2626
3544
677
5443
4804
119
5305
4292
4293
5414
727
3626
3625
1049
4867
1818
1268
3849
770
1028
1
2225
4871
1389
3850
4458
188
3329
2281
4579
4225
2883
3974
4533
4478
406
1484
4422
4407
1798
1961
988
3113
5017
2908
3759
5820
5747
3204
1067
5456
2445
4701
18
4674
3585
5358
744
871
5657
3286
1522
4868
2784
5409
1914
47
1068
1178
3720
5070
5366
4133
593
2854
3136
492
5337
236
5655
4633
2682
2846
2869
15
4082
4915
1968
4785
4909
3035
1365
2701
2902
736
2610
1843
2012
5041
439
1631
3577
4932
5644
3813
230
4933
2453
498
2946
3901
2046
4861
1572
4973
4015
1232
5172
1201
1117
775
3239
1719
2426
1960
1648
2656
1293
89
4675
3395
5991
3355
5108
3613
4495
5621
5545
4027
4208
2254
1735
4520
2510
320
3299
4416
3941
3437
741
643
4149
1058
1234
3737
5463
5355
5754
4791
3148
1269
5829
5010
5211
5381
2765
4401
4906
4119
82
2966
1496
4764
5924
21
175
5392
3908
4267
4438
4892
1070
4436
1228
5142
5177
2496
3466
1892
5712
5892
480
888
4614
4630
5278
4164
2887
134
807
2411
5086
5692
26
2753
1872
1323
5822
205
597
3783
5286
1550
2613
5047
2400
2040
1956
2785
5271
1628
4100
3428
4705
1953
3320
3027
1900
875
1640
4278
5884
2313
2989
136
3178
4934
2601
3038
5998
3344
4755
3902
4489
4248
3637
3641
4504
1452
1433
2369
5539
3304
1402
4823
3696
4475
3910
949
1809
375
904
3301
231
2383
776
1712
1964
2437
1306
3409
3099
1533
1114
1762
1753
2093
2565
4154
5522
5974
2230
3079
2774
3829
5984
4598
5935
3090
4215
2044
5218
4956
4143
5042
5729
3851
4437
3895
963
153
629
3179
1610
1715
2942
449
4451
4237
5751
5292
2788
5910
4096
3287
4842
3417
3167
3987
2614
903
58
3237
5515
2589
2977
3961
5031
5251
3294
2772
2537
5250
422
4294
2000
5510
4849
4359
5113
696
3150
4303
5986
4578
4899
5098
4167
940
3678
3042
2571
1436
2759
295
3909
458
150
3956
107
1989
5670
3416
3521
4770
3553
1527
4021
5720
3770
4900
4429
4016
3131
3461
1328
1012
496
5687
2663
1262
2424
3779
3302
2821
2645
3798
2396
4773
3258
4539
177
3244
3242
1432
5536
1283
2134
2312
628
5411
2386
4336
3084
3986
5117
4317
3917
3433
4263
2930
3591
2152
1095
2091
1812
3429
1113
5875
661
2608
4108
890
2566
5845
3601
1281
5965
1548
3989
1619
794
1411
4768
5995
3192
1806
339
3610
866
225
4554
3213
4428
4644
4287
4739
1512
1724
3517
3233
4390
395
2591
4151
633
4873
881
613
3650
2587
4582
1729
3828
2721
1673
2262
4482
4037
2270
1506
936
2621
5826
12
709
745
4174
5476
5354
3493
1986
4993
3396
1499
4158
5938
4692
4754
524
4688
3324
4943
5806
4821
4931
5552
5579
1742
3832
5851
5013
1604
3594
4797
4624
297
2102
2239
4092
2475
909
3505
3449
3210
289
933
3722
2487
4192
3810
138
1421
5936
2144
4957
4156
3972
3688
1880
2485
1508
4501
2131
3651
3622
4816
4466
1933
5082
1204
1207
631
1157
4894
331
1478
1652
2216
4440
1347
4058
5073
3703
5876
4845
1526
4895
4071
4790
2087
4986
4948
690
2792
278
3634
3579
4928
3421
3139
2166
2935
3341
723
131
4506
3848
4788
234
2777
1239
5468
1783
3584
4486
2825
3946
3360
3295
3225
883
5060
1489
3369
2344
51
4601
1021
3451
4242
1373
4161
4625
17
5564
461
2499
262
5131
1984
2129
66
2447
126
1578
2605
2299
3
2147
2378
805
4937
1928
1145
831
3760
575
1089
5314
2342
5674
1726
4312
151
5780
4051
4958
3992
3982
2415
3319
1090
2670
2912
5624
2767
934
3934
3762
1653
4780
2122
1296
676
2606
4840
1390
4772
733
368
4498
5084
4004
1932
1602
35
1430
4175
3653
1197
2703
5477
5044
5126
3692
2203
165
4129
5866
4072
112
1825
3840
2793
2524
364
1535
243
5163
2017
76
1947
5859
4832
4101
260
1676
5197
3313
4839
1741
1130
3856
1320
5794
1510
4252
3676
2689
2104
1168
3228
1033
4606
5374
4074
850
748
3075
1646
666
1782
3317
2726
669
4541
1186
4344
3249
5284
2164
3725
5521
1284
1608
4545
3871
5344
1704
280
4396
1545
663
1221
65
2561
4820
3171
984
1300
786
5578
2327
4480
1706
3884
4618
1458
4110
4341
2863
1948
3122
2828
4503
1519
1219
4243
5055
1920
2913
5827
4654
2300
1860
3260
4500
1446
4827
5682
5254
2962
3823
3533
3667
2412
1891
3542
5148
5430
309
303
3715
1863
3021
4134
3581
3165
1165
511
5679
1261
2184
5718
2513
978
3408
1700
5273
2862
3147
3937
1871
3922
1356
1079
1611
4447
5786
3086
2404
5467
4464
2744
5707
4285
880
194
777
4345
5239
1152
4400
918
5524
3985
33
2154
2472
489
3769
2823
667
3082
1246
1056
3218
5336
539
3525
3444
2978
238
5810
3809
5158
5168
5470
1039
5996
5906
3243
1598
3973
510
3262
2551
1065
867
4007
3185
5147
3682
4751
3153
3446
1463
996
4414
2357
2446
2272
2992
4596
3911
5036
3578
2577
4109
851
1091
5795
1710
4645
4714
2368
2318
265
3440
1386
3898
1713
2280
2278
2058
5187
5930
313
2420
5360
2629
4548
2847
3815
1013
4064
5628
1417
2671
4
3529
363
1230
3654
5266
3490
3665
5805
3797
5264
1399
1549
3254
3330
1093
3367
215
2509
5393
1129
1772
3728
5948
117
5612
5714
4298
3671
2096
143
355
4491
4876
2508
3501
2625
308
5926
115
5680
1597
625
3640
1259
3893
2737
1383
1884
2548
1826
2667
46
338
3442
71
785
1971
5844
515
1836
1366
1128
5683
2268
2150
3312
973
2180
1988
4711
1621
5419
3818
1380
1101
3391
2143
5544
88
1705
5481
2732
5222
1624
446
4147
5963
1136
3128
1030
5471
2728
4260
122
4472
4691
4865
4708
2673
4583
2683
2068
2489
5091
3266
562
2418
4880
5881
4275
5695
3118
4703
92
664
3507
3430
1637
270
3900
3546
1043
3292
5398
4737
3096
4636
1018
483
3272
2655
373
1035
1011
2339
4955
173
2531
4525
3857
356
4779
5079
3995
2747
5702
319
3870
2353
1819
5114
670
2233
2997
2628
3785
2377
4939
517
2088
2973
481
2733
1055
1668
5345
3920
1205
4142
635
2149
3458
5658
85
3138
2505
1308
4882
4431
197
4850
1454
328
3787
2600
5052
3758
975
986
445
3882
688
4734
1829
644
1116
5483
1788
3361
5421
2328
4652
1855
3305
2795
2483
392
5956
4573
3216
957
1169
3944
4935
5650
4449
2311
3586
1265
3716
2246
5415
2492
4979
2658
1620
931
5006
5699
5012
2549
5735
5110
2879
927
4183
1249
1601
1883
2045
534
2416
899
2920
1131
3226
5516
1001
2027
922
3310
1083
2037
639
3906
2929
5486
417
589
2897
4299
579
4091
5527
4742
5257
3702
919
5008
4884
2650
529
388
5975
1866
3799
5066
5473
3316
2236
3443
2090
5451
5136
459
535
79
2479
4605
2886
3841
1126
1149
2160
854
3744
471
2128
3001
2028
1194
3346
3368
5406
2324
1081
5762
576
5669
3752
2617
1776
5362
4127
4139
4954
1717
4386
5617
905
36
5028
142
3054
754
53
4490
3872
3508
1180
4575
312
2307
1031
520
764
264
2842
616
5796
2498
5645
366
2955
2118
2856
5542
1384
4656
4176
1935
540
1831
4361
5331
772
793
3668
1976
5180
1023
4118
3418
5705
3747
1381
4029
4767
2529
2545
316
4209
1903
5307
4314
2958
2151
755
3999
1993
3336
1755
1752
4515
853
3456
4819
5800
1875
4860
4030
1944
1848
196
4329
3211
2993
2204
2590
5045
1792
2255
2948
4599
5929
4388
960
447
4128
3921
5167
4524
1870
1568
4982
3238
5173
5904
4936
5032
1488
4537
1124
3781
2323
2259
4961
3177
2775
3250
4419
2941
105
4508
2742
4981
232
3010
4976
3592
779
2838
396
5320
404
2189
2343
954
3971
4651
2264
2051
572
2108
1227
2503
4660
2810
4974
3184
5442
3264
1456
5927
4099
968
4427
2569
5169
4946
1396
3853
5703
5778
3788
2
3802
4470
5394
3604
469
4594
5196
4238
3135
541
1360
3389
4897
2909
2727
4564
4795
4866
3486
1439
2843
351
3468
2014
4346
1760
5526
3643
5214
4177
1593
2739
361
4441
2511
3806
5771
2174
2987
470
1350
32
2112
284
1357
3365
2611
1040
2752
3903
2874
2332
647
4992
3580
4747
5753
1904
2397
590
4830
1052
2455
1929
876
1105
2306
3180
533
1337
1063
4698
1449
1635
959
5253
783
4217
4877
4073
5853
4510
869
1254
1802
4853
495
3648
3559
4398
1277
545
1352
1445
5440
282
3551
740
2486
4879
2815
2641
1670
4180
645
1703
5341
3842
619
5749
3398
1050
5151
3532
4802
2350
2187
1334
620
5819
3485
3345
729
1739
1942
5388
1025
166
578
1562
3916
3069
2716
1940
2205
3718
2247
91
3435
4196
13
3013
202
1202
1982
4272
2286
5125
3674
2004
4604
3605
5887
4527
3928
1410
1748
678
4854
4726
2435
5878
1331
5585
565
1085
3063
1073
5015
925
1282
3231
3687
5972
1140
4308
3248
5170
2525
3333
2637
5183
3714
4054
4965
5969
991
4239
721
5598
1878
601
4851
5198
602
707
2558
5184
3062
5841
1955
266
59
2163
4337
2700
2494
2274
5896
1750
1511
3277
731
4942
5300
4380
444
4499
3049
2480
283
5627
2440
5024
5834
4481
1183
4634
20
5370
94
5716
1335
843
4526
2681
5779
1857
4681
5648
2720
955
2573
5818
4474
5353
3811
3540
3978
1672
5647
554
3776
1192
2465
1155
3960
555
789
2867
5457
2251
5238
1135
5758
5062
5740
1156
3051
2707
3092
1688
2818
2960
1711
3775
1146
737
431
329
1847
1949
3411
3975
2460
3778
1524
3875
1435
3126
2035
4089
3679
4204
11
4246
5312
49
2077
4917
4612
5566
2642
2289
2724
3423
3397
659
3632
2884
5654
2556
337
5077
1537
2384
5583
1377
621
894
5610
5642
4402
3031
3704
3402
3931
2919
3378
78
1060
1840
1405
5652
2643
415
5814
1659
3388
2999
812
1123
4124
1707
4544
3473
1838
893
3438
5554
4006
3077
3526
859
2146
4869
4255
2584
3800
4265
1633
123
1108
870
810
3772
974
2926
378
5803
3003
241
749
5267
823
5825
1786
1217
3278
2361
109
237
3337
4445
4511
902
210
4647
5339
519
1581
3419
1385
95
3735
4384
5541
830
1589
3709
3498
2976
2405
872
4122
3736
3353
3827
1346
281
435
945
1943
5191
3996
1679
3265
3039
3203
5482
3332
1022
190
2893
3499
5775
4535
1141
1444
3384
2578
2515
5001
5789
3522
4228
2334
5741
2490
924
5783
4430
3358
2790
5466
2840
228
5328
4443
4756
3980
5259
4716
2582
5817
61
321
3515
1019
2690
652
4053
5002
1465
2258
4198
999
4796
5769
3552
4546
1680
5497
5846
2148
3519
2896
2072
5107
5611
803
3616
3803
1012
742
2713
1676
357
2454
3641
1035
1981
1987
1389
493
3654
1093
916
1481
1303
2084
1759
918
3053
1443
1592
912
1168
2082
3634
218
3930
1720
1617
81
2972
3999
1238
1293
902
2020
3586
2299
2879
557
2944
295
616
2366
2629
3372
2863
1896
3674
3491
1704
268
3910
1133
1952
1833
3485
1146
1596
1307
337
2784
2908
3242
1350
815
2362
2034
3903
2270
3420
3335
735
3147
109
624
1234
37
3223
661
3230
1787
173
366
1049
3684
1189
1764
1401
2001
3659
524
1264
1836
951
442
2349
3548
186
2800
1716
3404
3357
3435
3498
2990
3915
3296
1783
1771
1643
2205
3041
2048
3391
3378
3421
1371
3791
1077
106
1197
3148
1853
3149
957
545
2432
1662
1558
1136
474
3914
2576
3261
2062
3226
610
3695
2311
3145
3178
3312
2824
1290
2932
682
1633
1754
1295
290
2413
2897
1496
898
2752
623
343
3207
2057
1744
3068
3341
992
3870
2000
1203
3460
1067
3461
1709
509
3150
2881
3669
321
1973
2380
150
3033
3410
1079
3623
1545
976
2847
1847
415
3813
794
138
1113
3172
3163
1559
1818
425
1126
1263
1560
3356
2961
2750
570
1339
1085
2118
2063
3923
2511
354
36
2979
3815
2668
2337
212
1650
2181
2521
3316
505
3765
1466
3506
2487
3063
506
1524
3071
3291
1455
977
112
1221
1129
3030
1390
1495
2705
2517
3536
640
3960
533
1900
2071
2441
461
3916
3058
998
1956
2619
3276
1393
3768
1384
3082
1245
2221
193
3720
1946
1556
1526
986
403
3571
397
3721
2241
1920
214
1525
3559
2691
3925
3208
2237
2978
2177
124
1587
2033
1990
873
3336
197
2722
1320
1600
3186
3492
2706
2079
994
3283
3480
2319
1117
424
2789
287
3620
1790
2867
3465
129
2268
773
3214
350
721
3438
161
2589
1613
322
2233
3563
3950
432
1799
3076
2302
928
2641
1791
3635
2675
1184
3013
394
1857
23
3177
1794
2993
1235
2963
288
2120
1392
3032
1311
2796
1733
2571
2114
1469
1869
54
1283
1727
1648
2614
3753
3513
2556
1944
1272
692
2464
3837
1037
99
2252
880
1905
3580
191
1597
3054
3225
979
778
2107
1621
2374
2439
3256
3141
2075
652
2450
2321
3767
671
1792
3909
2323
3250
3300
1670
2190
171
3714
412
2895
152
878
1574
1618
3883
1440
464
3019
272
260
2953
868
3898
1071
1158
3618
542
3792
2145
3519
51
1963
3764
2329
651
3841
2306
2745
3050
208
543
3698
2592
35
3661
2225
2282
901
485
1887
1862
3613
3796
1179
3140
300
1176
53
1057
310
1385
1647
2458
2985
3443
2983
2605
712
3473
3295
390
2242
130
3699
3110
2647
2254
201
3265
703
1430
1169
1642
3363
3816
3467
139
1573
1409
965
1851
3059
1143
975
3888
1157
3652
2828
3665
1916
2550
899
202
3689
358
2853
1279
3968
1451
1358
2399
1026
2937
1584
3126
2966
2783
1123
3453
3802
1949
922
1080
215
426
1702
2054
1652
3488
2751
3034
3632
900
3486
2670
1227
1941
2631
583
2320
3374
1222
55
1212
3594
3394
275
1124
2473
3978
1163
177
3847
3270
204
2401
2976
3833
2922
1042
3881
3413
3887
737
2731
2660
1043
1309
679
790
1999
3062
656
1394
2900
2980
1972
331
831
938
2476
2491
1072
2797
3028
3097
2850
427
1598
3644
3229
2758
58
3880
3799
3795
3701
2931
2974
1802
708
1463
3429
2871
945
3015
3220
1706
3577
1961
61
2098
264
3836
3241
1315
2468
16
3277
2316
2839
3047
158
1646
3856
1947
330
3090
2594
3484
2869
311
606
3924
2285
2537
289
860
805
303
3526
825
3851
3190
405
594
194
188
875
3572
1399
1840
2026
3581
1181
3569
1270
1750
1397
904
1544
3315
2134
2577
2695
2287
1653
1175
563
3863
2459
3974
1262
3868
1266
184
3537
251
2229
840
3278
3381
1340
1969
702
2103
1433
2091
1549
2832
2418
1207
271
725
242
46
1204
894
2420
3948
988
3676
1028
2480
1458
2356
1344
2702
2503
832
879
459
293
2703
1228
3216
3425
2862
1337
3777
3096
1740
3481
2424
1254
3164
2105
3688
2214
1032
2013
3543
3933
1632
1508
3043
1695
2694
888
3610
398
3396
3463
2971
2740
1845
2358
785
620
1396
2213
1277
2581
3511
3196
458
2360
3810
991
1832
2224
779
2188
2790
1089
2138
3057
1872
2902
1359
1895
551
2460
325
3894
2022
2842
1104
490
1804
360
964
2803
705
1328
596
1883
3549
1793
11
2196
3318
3787
1943
3673
116
3286
516
2926
659
3108
3690
2367
2590
2158
3351
2744
2119
3866
3464
597
1030
3025
3997
3065
1928
3345
2768
1125
833
1017
1779
3259
1240
1044
1210
1520
1406
634
2017
1776
1765
471
1732
1185
1964
329
2281
1726
2921
3245
1935
3040
2959
111
946
3807
944
1611
3573
3692
549
2186
2704
110
1958
2312
3681
2053
267
2766
808
2381
3157
535
1391
1165
3776
2623
3416
45
1858
1248
2397
1855
90
2383
1599
1874
3677
2061
2041
371
997
1893
3778
2988
1305
2679
2313
1835
1728
1547
1187
2382
3093
3228
618
1150
2530
1730
683
1667
1111
3896
3961
8
1498
3972
3085
3099
1376
2761
2739
2692
1699
189
1684
3199
1714
96
940
181
821
3371
1550
2891
278
3155
3854
1634
1127
2334
1930
631
2232
1029
738
1866
2072
484
1413
2293
2672
315
3938
639
1244
1131
3450
2294
777
554
381
3456
3988
476
2377
1997
1419
648
2941
1284
333
1942
3268
2918
1038
1777
364
1798
1023
3541
2499
1817
2666
2563
3839
296
1644
1381
2513
2069
2628
897
2040
2289
257
1299
399
536
1825
3347
3009
3069
480
3180
1698
477
2018
318
3994
1991
2023
862
714
2951
3955
2532
1137
1059
822
2834
332
761
3183
3091
2880
602
759
1812
2814
1073
504
317
1202
781
1142
585
3708
2478
1563
2490
2093
2676
1004
2655
3951
1105
255
3793
1218
984
183
1027
200
534
2042
237
3871
1688
2483
1588
115
3784
3333
1631
1979
662
97
3971
1294
726
1534
3820
811
3560
3726
3160
2896
3671
3848
1876
688
1230
1846
1379
515
733
3666
1795
3366
613
3539
270
429
222
43
3964
1532
420
2074
2402
3998
889
1338
25
3325
3741
2307
3418
3902
980
3655
1934
3398
3246
1909
2730
3740
3209
2553
2342
2368
2004
1756
3409
1216
890
2092
2804
3872
185
589
2630
1962
3509
1041
1170
3301
3801
2632
1606
1364
1715
1864
3752
2575
2787
1271
895
1373
3273
2217
528
378
2808
1757
2566
2080
1609
134
2973
1447
1166
217
1205
1331
472
1108
24
2981
2024
3455
1500
470
176
2765
2807
1868
408
1897
921
2102
2347
1475
3360
3911
795
1120
924
384
169
763
2331
3035
1608
1103
451
810
3077
67
893
3328
2486
3977
226
2045
3804
2388
1387
1636
804
1548
3604
3026
3834
2729
2317
2872
84
1938
3353
2515
3546
3238
263
336
3231
3647
3535
2843
1422
404
2950
2837
3558
1586
2817
2914
741
3990
1482
241
3897
2277
3154
2746
1816
1076
1485
828
3074
3346
3365
2126
107
3814
91
866
3842
2664
948
2844
1215
445
1659
2392
1504
1429
739
799
3554
1755
3954
2776
850
846
2111
1276
1948
2912
3761
2565
2662
3556
1501
265
258
2773
1454
3423
14
974
20
2414
3643
3715
29
2149
2717
863
2815
3515
221
730
1252
3274
172
2767
2882
452
1139
2727
1361
2764
1664
1329
42
3125
88
3631
2002
3061
920
245
2782
3672
3123
70
2393
380
1775
2936
932
121
1951
495
2665
1581
1444
2474
3331
2520
143
3617
2606
302
3285
1048
3327
931
3133
2130
2409
2295
2267
3128
3819
2510
1772
3031
3106
3806
2109
1994
1989
3303
1891
1349
1880
3952
3908
3683
3001
2574
2365
689
2094
1092
1091
3638
3098
3568
3281
3350
2046
1119
2344
1837
3311
1761
92
1162
838
983
77
2489
2403
1580
586
149
3309
2116
153
1690
113
2546
1570
334
2646
2343
13
3727
250
3184
2771
3875
2505
911
2167
678
743
1255
316
1505
1325
3046
2984
3368
3008
3565
2608
776
2726
526
1002
1865
2622
1859
2653
1637
582
3088
3832
1561
1929
3340
2813
1047
3680
830
1507
3694
3913
2549
676
2135
1153
3589
2595
3542
2737
1237
2182
431
1439
2165
2935
2330
2390
2719
2096
3234
1745
3023
1268
216
291
3349
3122
1054
857
205
1805
2925
3415
320
2481
2809
1766
3137
2791
2461
1335
3528
3809
2677
2125
919
3406
1310
1519
3392
1871
3198
2999
3900
2684
456
2049
2274
3507
3739
854
1760
936
3113
1354
2627
1685
2620
3103
2087
1192
3937
1324
15
2884
2870
1242
3364
641
457
1922
3606
1663
800
1890
163
1917
796
1576
219
441
3289
3359
760
2588
1886
550
3247
1668
955
2260
1885
3882
1154
1741
283
3101
2298
463
21
220
123
2544
168
3367
312
1635
2207
2940
2410
1013
2369
1174
3067
2810
3534
3167
1161
2643
2055
1334
744
592
2811
2500
3805
593
3412
1408
2099
1297
3271
1689
2131
1445
2930
697
1711
1927
2427
203
513
3664
787
1214
5
2633
2933
2535
1021
1722
3711
2338
235
2051
3630
3332
2967
2540
2827
3430
2904
342
286
864
63
62
748
3213
3587
1304
2636
443
1375
576
3320
3728
1333
3474
3251
1595
1056
2021
2308
996
2435
1731
1583
2603
2942
1286
3983
2452
2037
1355
3697
950
1848
1410
1428
1614
1206
2659
3377
7
1005
1506
2129
2416
2969
3376
3487
3188
3921
2215
2387
2036
1877
929
869
3705
483
527
1300
395
2831
1638
1503
3205
363
2355
2469
1582
1415
2829
1251
734
2732
2821
2271
565
1975
3905
3749
910
1382
3139
1514
2600
685
3724
843
3117
2616
1657
2433
3929
486
225
677
701
3169
658
1253
722
27
1953
3016
780
1965
2903
76
2059
710
31
1672
3976
3657
1258
3946
2258
3086
672
2680
95
609
1752
3696
127
68
3750
1671
2370
3479
1155
2795
2876
3402
3582
2437
2324
430
537
136
564
1177
2479
2700
3704
1476
2332
1982
2115
2372
1678
1366
3029
635
3943
3762
207
439
1070
2534
1317
1448
2711
2137
3308
3588
1386
2718
2734
2982
2682
3615
1200
858
1645
2742
1665
2496
131
352
1011
1019
3240
3051
2524
1465
1180
347
510
1036
2673
1810
2997
732
148
1020
1274
2354
254
1718
1513
1717
3679
433
3591
2422
963
2836
3862
2948
2391
2580
1628
3611
2058
453
3637
3399
1660
786
47
2775
970
1620
1407
3179
1622
1656
643
1114
1296
3918
1694
3012
1106
1353
1450
2798
3451
3993
2352
3529
3590
1854
3027
617
3115
686
100
1456
954
2708
3114
3212
2958
3095
852
2235
655
2820
175
3886
2434
155
3339
566
1882
3087
3191
3800
2920
491
65
1555
1144
396
160
1527
1051
2050
1623
1980
1658
801
909
3941
0
2333
637
244
1898
3969
460
925
3403
1121
1539
479
913
2898
1542
1607
2008
1374
3975
71
2929
3120
849
166
2346
2579
2164
562
3010
379
3290
326
482
3965
2411
2541
1959
2964
3864
428
1211
1319
3401
1762
2728
2585
2557
3263
2910
2288
1224
3608
18
3408
2140
2005
2975
3275
2658
2003
1022
3407
2612
1700
3255
2911
2943
1993
1721
745
102
2172
468
1171
2601
1360
1426
2890
3646
2823
314
2923
1742
949
729
775
684
167
282
690
2841
2667
3639
2875
1915
3161
1195
914
2301
3419
1318
3759
473
1552
413
2244
170
146
2007
2533
1774
3731
1834
135
1336
3576
2846
324
1881
3593
3258
1839
75
2405
584
1528
1183
3089
2152
2127
3737
2445
2019
753
1446
3660
2446
3470
151
2894
3786
2154
2030
653
1557
3224
234
3693
3550
2946
1075
2838
673
3272
3232
26
2123
3298
256
615
2447
886
2386
1736
2417
1932
72
230
1060
386
867
2956
896
239
1627
3958
34
2249
2028
2886
2303
2763
3322
1265
3538
132
903
224
2009
2412
839
2989
2548
502
1523
1569
1362
3788
2052
2793
2378
1579
2856
2455
1879
1967
313
1983
3651
3459
2430
3267
1781
3299
2678
2656
1843
2163
1998
2788
1939
3828
3619
2208
3889
3494
877
1824
2364
467
649
2039
2826
2597
3760
1786
3602
3578
3203
667
3738
1918
947
2645
3490
261
1751
1521
3337
2157
1488
2305
142
3932
298
3734
2854
187
2151
3919
1039
754
1246
3005
752
2648
2428
2095
94
2442
145
3218
819
2361
3075
3393
1511
1033
1729
2191
356
1518
2043
3758
1984
2919
2431
3293
1034
3826
3173
3574
87
1640
2290
3521
2877
1151
772
3330
327
3489
757
301
2508
574
2266
2607
826
885
1388
3935
1619
2889
1985
3566
1590
3858
2611
1074
2570
2256
1589
362
3748
2840
2326
2304
1442
2245
2359
1705
2957
581
1088
1164
3877
591
865
1841
2860
823
3447
3011
1069
2273
3502
1992
2070
3907
273
1287
1566
1084
3570
2747
1568
3288
1351
718
2227
3448
2698
2426
905
503
3092
3722
1701
3206
2924
2142
2239
3811
3427
3119
2183
621
3601
2762
2453
1808
3142
675
1461
3823
3389
1551
3387
3885
3879
3855
2184
784
162
1517
987
284
1863
3264
1692
3742
2250
228
3100
3181
1654
3957
2799
1471
1423
3663
2223
1167
164
3992
3124
3874
1372
3324
3706
206
407
1432
2066
2635
304
1149
3433
285
335
3472
182
3633
1484
856
2078
2855
952
937
3084
1178
3449
3797
1289
768
2264
2661
657
353
120
3193
1435
2693
1110
3006
2253
1464
3653
2081
632
1470
2415
1403
3895
812
1107
1128
2998
32
1314
2193
3417
2859
770
1370
469
3111
1478
3468
1693
133
2878
1913
3893
447
3165
1213
1494
2044
3049
2591
3973
622
723
2785
518
1675
1281
2640
2419
1141
1241
2144
1878
1090
1641
841
3949
391
2525
1906
3525
2146
3763
3771
3831
633
814
372
1907
3024
435
644
196
1904
1229
2210
2755
3109
3144
514
1404
2170
2463
820
766
368
2230
2121
2736
2482
1629
1068
6
178
2905
3625
3504
2156
3338
2097
1483
3284
3405
2772
2211
210
1615
3878
3717
1424
437
1377
874
2568
3774
3827
1186
1087
2741
1489
60
2088
3678
10
2866
573
3781
3508
2155
3348
3662
746
192
1368
2284
3168
3302
2626
436
3127
1499
119
764
3743
1649
1194
1749
1691
3510
3243
2280
1630
2341
3861
101
3783
1924
277
3986
1562
719
3849
1453
1945
2029
1870
1156
1063
1256
2986
1820
1217
494
1341
2194
941
2625
389
199
52
2792
2384
462
1681
851
2195
2848
3798
1257
3260
499
3221
2291
2465
1479
1008
3313
2735
3583
630
409
2484
2200
1018
3334
3428
280
1291
367
2512
3780
489
3670
2404
1308
3970
3395
3219
1708
1249
580
2189
507
3382
1669
418
3478
3980
501
3253
859
1348
3629
717
660
1345
927
48
572
625
1417
3600
2206
3719
2
3901
114
788
1275
2812
1209
1602
2451
3434
3567
2992
3442
3424
1850
2438
2715
2674
1937
716
1719
500
2192
968
449
1680
3411
3517
2970
1493
2389
2497
3991
2564
2089
2083
3892
2259
2663
253
190
2738
3326
872
1814
1683
1807
299
2286
3585
487
1007
383
2113
1572
1803
3649
803
3483
969
560
1462
2015
3942
2865
496
448
276
3045
3869
2639
2090
1919
1102
2780
2949
1347
2031
3686
1923
2423
906
1061
369
3561
1261
3477
122
614
3036
3476
144
388
817
165
3500
3808
845
3397
1516
3710
2174
1301
2108
1416
558
2802
1449
2873
642
3906
3118
1788
521
2485
3523
2278
3369
3772
993
2060
361
1312
836
1046
999
3824
1892
538
2143
2634
3891
3252
3370
3152
3162
1003
3192
2466
105
3840
3852
2444
2913
669
2716
2494
2255
2443
328
559
3707
1109
2038
687
1064
698
1346
1624
3129
1330
1926
1737
2699
2861
227
2240
3624
2562
2712
3146
829
531
2262
1239
3004
3215
3236
695
1734
3555
1414
934
2779
797
249
2263
958
1782
793
2203
2265
1468
1830
2991
3321
3039
2421
1487
3729
3458
2825
2584
2528
3060
3151
3817
1827
3545
508
2470
2243
3175
359
1971
3469
3158
3135
1086
1250
2104
2457
2833
2613
3373
2502
1460
39
179
3136
2522
2166
1236
1053
3437
3658
3070
85
1578
1639
3386
2927
2027
1796
307
3471
881
3217
2538
1006
525
1467
1188
1797
56
3825
406
223
2495
3329
762
2554
2348
3514
3884
3170
3656
2462
3233
1666
568
3650
2234
243
3725
1278
2650
414
279
3835
3730
3237
2292
1626
756
2906
1697
340
3022
2543
3845
3779
82
2657
446
847
2618
3956
2987
2654
1138
813
1078
3592
475
450
3599
213
1575
1821
2687
3756
724
1950
2219
19
1512
2893
802
89
2168
1536
2477
774
3079
1763
1427
4
1473
1323
731
1554
755
2874
2395
2373
736
3003
1780
3648
1001
3518
939
1259
2218
2671
1172
1052
1655
309
417
1770
3682
3967
375
3018
607
2376
3785
3385
1135
3185
465
783
1591
861
3194
2440
2353
1425
1809
3821
629
1746
844
3607
544
892
497
2909
2153
3985
154
1313
3073
973
2385
2315
1976
2076
1585
2449
339
2101
232
3675
1925
2226
3745
2407
2238
2014
209
1867
3757
1145
1593
1974
1365
3622
3770
1400
1402
2697
3520
1852
3527
1497
3072
1298
529
1327
2526
2198
2748
2488
3457
2583
3354
3344
3736
3280
3495
971
374
28
2954
231
2335
2498
12
1933
3496
416
2073
3603
2547
575
3116
1515
1014
126
942
599
3818
3947
1735
512
1815
2394
816
3297
2952
198
547
700
1418
2864
3552
1342
767
3279
1083
128
2275
1134
707
2545
2725
3627
238
319
57
837
3934
2760
2340
807
882
2947
1553
3171
2160
137
2425
3493
647
791
2136
2816
2357
3454
2685
2569
3400
1062
2185
1367
488
2621
1441
3466
259
1687
2578
2778
498
3052
2336
392
2602
935
2047
355
522
2977
1899
962
1710
933
3966
3691
2148
2885
2032
3201
3640
3002
2519
3598
3138
117
2995
2310
3343
373
2246
3446
1098
1472
605
3323
2928
681
3388
2507
1223
848
297
3703
3642
555
66
2112
1112
715
2300
3257
3959
74
3282
3718
3505
654
3685
1000
3064
3384
798
2644
240
1369
17
2010
2955
3636
2506
3917
3927
2965
3766
1712
3080
2162
3547
1343
2231
1996
2637
3131
2251
1147
2220
1378
2604
3310
1082
1357
2325
2892
713
3616
83
2209
2175
720
80
511
3439
3007
1988
3790
907
2573
3078
2006
2068
411
1094
3014
2917
401
1801
3713
1065
2318
1616
3501
1661
2375
351
519
1302
1522
2327
2067
1040
1541
590
604
3621
2624
1099
1533
338
546
3239
38
1914
2179
3287
2615
1024
252
2012
2133
3838
2753
3200
3945
1491
1910
3266
1152
3319
3575
1861
3531
3890
2472
3865
1738
2714
3153
1509
2781
915
3362
2396
365
1625
587
680
792
1118
2786
3612
2835
1220
3522
2598
2276
1970
78
2197
1707
3305
917
98
266
1096
2769
842
262
2398
2363
1529
2709
3342
2962
989
2707
2938
2688
626
2939
967
553
2901
627
1190
1288
2171
3021
3850
1431
69
2888
2212
393
2822
2085
1486
2638
44
3626
3982
1826
2322
1686
603
747
711
2475
1911
2056
3564
908
2345
3773
3853
2328
2743
1395
3984
2996
2830
3614
1140
2247
532
2649
3426
3723
670
1546
612
523
3314
1191
2283
972
1097
3083
3860
1673
1986
835
1577
619
691
1009
3830
1565
1540
588
765
2351
1968
141
2236
3422
1594
1873
751
3928
1273
2086
2759
891
3210
2617
2960
308
3687
3355
789
93
3156
2777
3668
2187
1122
195
3876
2857
3361
2551
1806
1651
2669
1219
638
2720
3595
3962
2161
664
3475
1773
1954
2216
2652
926
601
666
1148
1193
567
3512
1819
30
1538
2849
2016
981
1474
827
3104
1703
377
1564
376
3235
1173
571
1132
3746
1902
650
2801
2596
694
1957
1785
1015
400
3445
402
771
3306
1198
1130
2408
598
1571
3981
2915
1724
2567
2257
3530
3667
1903
3944
806
481
548
2204
3294
2642
2994
1285
1322
2794
3187
883
3414
1936
1459
1901
3857
1535
3553
824
2916
349
2818
1490
3358
3794
3702
1601
1875
3304
1679
3227
385
3390
104
2202
3859
434
3733
668
1326
2582
1452
3176
2139
387
2756
1380
3048
1769
769
1269
108
410
1977
2011
855
1199
3904
636
3822
1247
953
1828
1160
2379
978
3605
1531
696
706
9
1437
1831
2851
2560
306
2132
2199
1050
1066
3254
1966
834
1016
539
3317
1233
2868
370
3735
478
2314
3597
3812
211
595
1282
1159
103
422
64
1480
884
3440
233
3066
2806
281
2147
2228
1908
2609
2593
663
982
966
2721
1739
1829
3963
552
3132
577
959
3551
2733
3107
1605
2504
3379
3037
809
709
3452
1995
943
3094
3112
2555
1813
1055
341
1116
2531
1031
2542
3307
818
1081
1784
3211
3922
1101
1208
3042
2651
1363
3055
50
2100
1677
2110
2774
3462
3931
3249
1604
2297
440
455
870
246
3532
3436
1438
2723
517
1243
3873
3017
2696
3584
59
2539
2690
421
871
1567
956
1955
3920
2754
41
1537
1231
1978
2968
3269
1768
750
3248
961
3159
1767
600
2509
2559
269
236
2261
1889
1811
3899
79
930
1844
140
274
1940
1421
3732
157
3222
665
3562
3709
3262
1436
1398
3000
2805
2701
3444
2514
2429
1316
1960
923
1912
2309
727
853
1045
699
40
985
1411
728
693
3189
2128
1356
1
887
2065
2724
3754
3843
2770
438
1383
1115
2561
1196
2117
2572
2406
1822
3383
876
1610
3596
1010
579
1674
1842
2586
645
3775
2106
156
3867
3782
1306
1612
1603
1267
3352
2610
1502
382
3940
1412
454
3431
608
3121
2518
2176
2025
3936
466
2558
2527
2492
2945
704
758
2883
3516
1100
86
3102
2400
3056
2710
541
3789
2934
346
3700
2899
646
248
2686
2471
3544
305
2436
530
995
2350
2681
1260
2296
1332
2169
1530
1921
782
3769
2757
1758
2222
1753
569
1856
2536
1800
3038
628
2150
73
292
1743
3939
3996
174
1280
247
2272
3645
3375
2907
2201
3195
2493
33
3380
1713
1420
1201
3755
1232
2077
3557
3540
348
2279
1823
2141
3995
2501
1789
492
1849
3482
2159
3712
444
3744
3204
3166
1748
3130
2683
3503
1510
2269
1025
423
3987
578
3
3912
345
3105
2858
419
3716
2173
344
1292
2248
561
1477
3926
1321
3134
3044
2467
180
740
1434
3829
159
2819
1182
3846
2689
1838
2852
1352
3953
1696
3020
1543
2448
2180
147
2749
3609
520
3499
2124
3747
3441
3844
2371
556
3081
2122
3751
611
1723
125
3533
1778
3292
3143
1888
118
990
3202
3197
1225
1747
2845
2599
2064
3979
22
3432
2178
3989
749
1226
3244
2035
1931
2523
1457
3497
3524
1405
674
323
229
1095
2887
2339
3628
2529
2516
540
1058
960
1894
2456
1725
3182
3579
49
1492
2587
3174
2552
1682
1860
1884
294
