10000
0
1
2
3
4
5
6
7
8
9
10
11
12
13
14
15
16
17
18
19
20
21
22
23
24
25
26
27
28
29
30
31
32
33
34
35
36
37
38
39
40
41
42
43
44
45
46
47
48
49
50
51
52
53
54
55
56
57
58
59
60
61
62
63
64
65
66
67
68
69
70
71
72
73
74
75
76
77
78
79
80
81
82
83
84
85
86
87
88
89
90
91
92
93
94
95
96
97
98
99
100
101
102
103
104
105
106
107
108
109
110
111
112
113
114
115
116
117
118
119
120
121
122
123
124
125
126
127
128
129
130
131
132
133
134
135
136
137
138
139
140
141
142
143
144
145
146
147
148
149
150
151
152
153
154
155
156
157
158
159
160
161
162
163
164
165
166
167
168
169
170
171
172
173
174
175
176
177
178
179
180
181
182
183
184
185
186
187
188
189
190
191
192
193
194
195
196
197
198
199
200
201
202
203
204
205
206
207
208
209
210
211
212
213
214
215
216
217
218
219
220
221
222
223
224
225
226
227
228
229
230
231
232
233
234
235
236
237
238
239
240
241
242
243
244
245
246
247
248
249
250
251
252
253
254
255
256
257
258
259
260
261
262
263
264
265
266
267
268
269
270
271
272
273
274
275
276
277
278
279
280
281
282
283
284
285
286
287
288
289
290
291
292
293
294
295
296
297
298
299
300
301
302
303
304
305
306
307
308
309
310
311
312
313
314
315
316
317
318
319
320
321
322
323
324
325
326
327
328
329
330
331
332
333
334
335
336
337
338
339
340
341
342
343
344
345
346
347
348
349
350
351
352
353
354
355
356
357
358
359
360
361
362
363
364
365
366
367
368
369
370
371
372
373
374
375
376
377
378
379
380
381
382
383
384
385
386
387
388
389
390
391
392
393
394
395
396
397
398
399
400
401
402
403
404
405
406
407
408
409
410
411
412
413
414
415
416
417
418
419
420
421
422
423
424
425
426
427
428
429
430
431
432
433
434
435
436
437
438
439
440
441
442
443
444
445
446
447
448
449
450
451
452
453
454
455
456
457
458
459
460
461
462
463
464
465
466
467
468
469
470
471
472
473
474
475
476
477
478
479
480
481
482
483
484
485
486
487
488
489
490
491
492
493
494
495
496
497
498
499
500
501
502
503
504
505
506
507
508
509
510
511
512
513
514
515
516
517
518
519
520
521
522
523
524
525
526
527
528
529
530
531
532
533
534
535
536
537
538
539
540
541
542
543
544
545
546
547
548
549
550
551
552
553
554
555
556
557
558
559
560
561
562
563
564
565
566
567
568
569
570
571
572
573
574
575
576
577
578
579
580
581
582
583
584
585
586
587
588
589
590
591
592
593
594
595
596
597
598
599
600
601
602
603
604
605
606
607
608
609
610
611
612
613
614
615
616
617
618
619
620
621
622
623
624
625
626
627
628
629
630
631
632
633
634
635
636
637
638
639
640
641
642
643
644
645
646
647
648
649
650
651
652
653
654
655
656
657
658
659
660
661
662
663
664
665
666
667
668
669
670
671
672
673
674
675
676
677
678
679
680
681
682
683
684
685
686
687
688
689
690
691
692
693
694
695
696
697
698
699
700
701
702
703
704
705
706
707
708
709
710
711
712
713
714
715
716
717
718
719
720
721
722
723
724
725
726
727
728
729
730
731
732
733
734
735
736
737
738
739
740
741
742
743
744
745
746
747
748
749
750
751
752
753
754
755
756
757
758
759
760
761
762
763
764
765
766
767
768
769
770
771
772
773
774
775
776
777
778
779
780
781
782
783
784
785
786
787
788
789
790
791
792
793
794
795
796
797
798
799
800
801
802
803
804
805
806
807
808
809
810
811
812
813
814
815
816
817
818
819
820
821
822
823
824
825
826
827
828
829
830
831
832
833
834
835
836
837
838
839
840
841
842
843
844
845
846
847
848
849
850
851
852
853
854
855
856
857
858
859
860
861
862
863
864
865
866
867
868
869
870
871
872
873
874
875
876
877
878
879
880
881
882
883
884
885
886
887
888
889
890
891
892
893
894
895
896
897
898
899
900
901
902
903
904
905
906
907
908
909
910
911
912
913
914
915
916
917
918
919
920
921
922
923
924
925
926
927
928
929
930
931
932
933
934
935
936
937
938
939
940
941
942
943
944
945
946
947
948
949
950
951
952
953
954
955
956
957
958
959
960
961
962
963
964
965
966
967
968
969
970
971
972
973
974
975
976
977
978
979
980
981
982
983
984
985
986
987
988
989
990
991
992
993
994
995
996
997
998
999
1000
1001
1002
1003
1004
1005
1006
1007
1008
1009
1010
1011
1012
1013
1014
1015
1016
1017
1018
1019
1020
1021
1022
1023
1024
1025
1026
1027
1028
1029
1030
1031
1032
1033
1034
1035
1036
1037
1038
1039
1040
1041
1042
1043
1044
1045
1046
1047
1048
1049
1050
1051
1052
1053
1054
1055
1056
1057
1058
1059
1060
1061
1062
1063
1064
1065
1066
1067
1068
1069
1070
1071
1072
1073
1074
1075
1076
1077
1078
1079
1080
1081
1082
1083
1084
1085
1086
1087
1088
1089
1090
1091
1092
1093
1094
1095
1096
1097
1098
1099
1100
1101
1102
1103
1104
1105
1106
1107
1108
1109
1110
1111
1112
1113
1114
1115
1116
1117
1118
1119
1120
1121
1122
1123
1124
1125
1126
1127
1128
1129
1130
1131
1132
1133
1134
1135
1136
1137
1138
1139
1140
1141
1142
1143
1144
1145
1146
1147
1148
1149
1150
1151
1152
1153
1154
1155
1156
1157
1158
1159
1160
1161
1162
1163
1164
1165
1166
1167
1168
1169
1170
1171
1172
1173
1174
1175
1176
1177
1178
1179
1180
1181
1182
1183
1184
1185
1186
1187
1188
1189
1190
1191
1192
1193
1194
1195
1196
1197
1198
1199
1200
1201
1202
1203
1204
1205
1206
1207
1208
1209
1210
1211
1212
1213
1214
1215
1216
1217
1218
1219
1220
1221
1222
1223
1224
1225
1226
1227
1228
1229
1230
1231
1232
1233
1234
1235
1236
1237
1238
1239
1240
1241
1242
1243
1244
1245
1246
1247
1248
1249
1250
1251
1252
1253
1254
1255
1256
1257
1258
1259
1260
1261
1262
1263
1264
1265
1266
1267
1268
1269
1270
1271
1272
1273
1274
1275
1276
1277
1278
1279
1280
1281
1282
1283
1284
1285
1286
1287
1288
1289
1290
1291
1292
1293
1294
1295
1296
1297
1298
1299
1300
1301
1302
1303
1304
1305
1306
1307
1308
1309
1310
1311
1312
1313
1314
1315
1316
1317
1318
1319
1320
1321
1322
1323
1324
1325
1326
1327
1328
1329
1330
1331
1332
1333
1334
1335
1336
1337
1338
1339
1340
1341
1342
1343
1344
1345
1346
1347
1348
1349
1350
1351
1352
1353
1354
1355
1356
1357
1358
1359
1360
1361
1362
1363
1364
1365
1366
1367
1368
1369
1370
1371
1372
1373
1374
1375
1376
1377
1378
1379
1380
1381
1382
1383
1384
1385
1386
1387
1388
1389
1390
1391
1392
1393
1394
1395
1396
1397
1398
1399
1400
1401
1402
1403
1404
1405
1406
1407
1408
1409
1410
1411
1412
1413
1414
1415
1416
1417
1418
1419
1420
1421
1422
1423
1424
1425
1426
1427
1428
1429
1430
1431
1432
1433
1434
1435
1436
1437
1438
1439
1440
1441
1442
1443
1444
1445
1446
1447
1448
1449
1450
1451
1452
1453
1454
1455
1456
1457
1458
1459
1460
1461
1462
1463
1464
1465
1466
1467
1468
1469
1470
1471
1472
1473
1474
1475
1476
1477
1478
1479
1480
1481
1482
1483
1484
1485
1486
1487
1488
1489
1490
1491
1492
1493
1494
1495
1496
1497
1498
1499
1500
1501
1502
1503
1504
1505
1506
1507
1508
1509
1510
1511
1512
1513
1514
1515
1516
1517
1518
1519
1520
1521
1522
1523
1524
1525
1526
1527
1528
1529
1530
1531
1532
1533
1534
1535
1536
1537
1538
1539
1540
1541
1542
1543
1544
1545
1546
1547
1548
1549
1550
1551
1552
1553
1554
1555
1556
1557
1558
1559
1560
1561
1562
1563
1564
1565
1566
1567
1568
1569
1570
1571
1572
1573
1574
1575
1576
1577
1578
1579
1580
1581
1582
1583
1584
1585
1586
1587
1588
1589
1590
1591
1592
1593
1594
1595
1596
1597
1598
1599
1600
1601
1602
1603
1604
1605
1606
1607
1608
1609
1610
1611
1612
1613
1614
1615
1616
1617
1618
1619
1620
1621
1622
1623
1624
1625
1626
1627
1628
1629
1630
1631
1632
1633
1634
1635
1636
1637
1638
1639
1640
1641
1642
1643
1644
1645
1646
1647
1648
1649
1650
1651
1652
1653
1654
1655
1656
1657
1658
1659
1660
1661
1662
1663
1664
1665
1666
1667
1668
1669
1670
1671
1672
1673
1674
1675
1676
1677
1678
1679
1680
1681
1682
1683
1684
1685
1686
1687
1688
1689
1690
1691
1692
1693
1694
1695
1696
1697
1698
1699
1700
1701
1702
1703
1704
1705
1706
1707
1708
1709
1710
1711
1712
1713
1714
1715
1716
1717
1718
1719
1720
1721
1722
1723
1724
1725
1726
1727
1728
1729
1730
1731
1732
1733
1734
1735
1736
1737
1738
1739
1740
1741
1742
1743
1744
1745
1746
1747
1748
1749
1750
1751
1752
1753
1754
1755
1756
1757
1758
1759
1760
1761
1762
1763
1764
1765
1766
1767
1768
1769
1770
1771
1772
1773
1774
1775
1776
1777
1778
1779
1780
1781
1782
1783
1784
1785
1786
1787
1788
1789
1790
1791
1792
1793
1794
1795
1796
1797
1798
1799
1800
1801
1802
1803
1804
1805
1806
1807
1808
1809
1810
1811
1812
1813
1814
1815
1816
1817
1818
1819
1820
1821
1822
1823
1824
1825
1826
1827
1828
1829
1830
1831
1832
1833
1834
1835
1836
1837
1838
1839
1840
1841
1842
1843
1844
1845
1846
1847
1848
1849
1850
1851
1852
1853
1854
1855
1856
1857
1858
1859
1860
1861
1862
1863
1864
1865
1866
1867
1868
1869
1870
1871
1872
1873
1874
1875
1876
1877
1878
1879
1880
1881
1882
1883
1884
1885
1886
1887
1888
1889
1890
1891
1892
1893
1894
1895
1896
1897
1898
1899
1900
1901
1902
1903
1904
1905
1906
1907
1908
1909
1910
1911
1912
1913
1914
1915
1916
1917
1918
1919
1920
1921
1922
1923
1924
1925
1926
1927
1928
1929
1930
1931
1932
1933
1934
1935
1936
1937
1938
1939
1940
1941
1942
1943
1944
1945
1946
1947
1948
1949
1950
1951
1952
1953
1954
1955
1956
1957
1958
1959
1960
1961
1962
1963
1964
1965
1966
1967
1968
1969
1970
1971
1972
1973
1974
1975
1976
1977
1978
1979
1980
1981
1982
1983
1984
1985
1986
1987
1988
1989
1990
1991
1992
1993
1994
1995
1996
1997
1998
1999
2000
2001
2002
2003
2004
2005
2006
2007
2008
2009
2010
2011
2012
2013
2014
2015
2016
2017
2018
2019
2020
2021
2022
2023
2024
2025
2026
2027
2028
2029
2030
2031
2032
2033
2034
2035
2036
2037
2038
2039
2040
2041
2042
2043
2044
2045
2046
2047
2048
2049
2050
2051
2052
2053
2054
2055
2056
2057
2058
2059
2060
2061
2062
2063
2064
2065
2066
2067
2068
2069
2070
2071
2072
2073
2074
2075
2076
2077
2078
2079
2080
2081
2082
2083
2084
2085
2086
2087
2088
2089
2090
2091
2092
2093
2094
2095
2096
2097
2098
2099
2100
2101
2102
2103
2104
2105
2106
2107
2108
2109
2110
2111
2112
2113
2114
2115
2116
2117
2118
2119
2120
2121
2122
2123
2124
2125
2126
2127
2128
2129
2130
2131
2132
2133
2134
2135
2136
2137
2138
2139
2140
2141
2142
2143
2144
2145
2146
2147
2148
2149
2150
2151
2152
2153
2154
2155
2156
2157
2158
2159
2160
2161
2162
2163
2164
2165
2166
2167
2168
2169
2170
2171
2172
2173
2174
2175
2176
2177
2178
2179
2180
2181
2182
2183
2184
2185
2186
2187
2188
2189
2190
2191
2192
2193
2194
2195
2196
2197
2198
2199
2200
2201
2202
2203
2204
2205
2206
2207
2208
2209
2210
2211
2212
2213
2214
2215
2216
2217
2218
2219
2220
2221
2222
2223
2224
2225
2226
2227
2228
2229
2230
2231
2232
2233
2234
2235
2236
2237
2238
2239
2240
2241
2242
2243
2244
2245
2246
2247
2248
2249
2250
2251
2252
2253
2254
2255
2256
2257
2258
2259
2260
2261
2262
2263
2264
2265
2266
2267
2268
2269
2270
2271
2272
2273
2274
2275
2276
2277
2278
2279
2280
2281
2282
2283
2284
2285
2286
2287
2288
2289
2290
2291
2292
2293
2294
2295
2296
2297
2298
2299
2300
2301
2302
2303
2304
2305
2306
2307
2308
2309
2310
2311
2312
2313
2314
2315
2316
2317
2318
2319
2320
2321
2322
2323
2324
2325
2326
2327
2328
2329
2330
2331
2332
2333
2334
2335
2336
2337
2338
2339
2340
2341
2342
2343
2344
2345
2346
2347
2348
2349
2350
2351
2352
2353
2354
2355
2356
2357
2358
2359
2360
2361
2362
2363
2364
2365
2366
2367
2368
2369
2370
2371
2372
2373
2374
2375
2376
2377
2378
2379
2380
2381
2382
2383
2384
2385
2386
2387
2388
2389
2390
2391
2392
2393
2394
2395
2396
2397
2398
2399
2400
2401
2402
2403
2404
2405
2406
2407
2408
2409
2410
2411
2412
2413
2414
2415
2416
2417
2418
2419
2420
2421
2422
2423
2424
2425
2426
2427
2428
2429
2430
2431
2432
2433
2434
2435
2436
2437
2438
2439
2440
2441
2442
2443
2444
2445
2446
2447
2448
2449
2450
2451
2452
2453
2454
2455
2456
2457
2458
2459
2460
2461
2462
2463
2464
2465
2466
2467
2468
2469
2470
2471
2472
2473
2474
2475
2476
2477
2478
2479
2480
2481
2482
2483
2484
2485
2486
2487
2488
2489
2490
2491
2492
2493
2494
2495
2496
2497
2498
2499
2500
2501
2502
2503
2504
2505
2506
2507
2508
2509
2510
2511
2512
2513
2514
2515
2516
2517
2518
2519
2520
2521
2522
2523
2524
2525
2526
2527
2528
2529
2530
2531
2532
2533
2534
2535
2536
2537
2538
2539
2540
2541
2542
2543
2544
2545
2546
2547
2548
2549
2550
2551
2552
2553
2554
2555
2556
2557
2558
2559
2560
2561
2562
2563
2564
2565
2566
2567
2568
2569
2570
2571
2572
2573
2574
2575
2576
2577
2578
2579
2580
2581
2582
2583
2584
2585
2586
2587
2588
2589
2590
2591
2592
2593
2594
2595
2596
2597
2598
2599
2600
2601
2602
2603
2604
2605
2606
2607
2608
2609
2610
2611
2612
2613
2614
2615
2616
2617
2618
2619
2620
2621
2622
2623
2624
2625
2626
2627
2628
2629
2630
2631
2632
2633
2634
2635
2636
2637
2638
2639
2640
2641
2642
2643
2644
2645
2646
2647
2648
2649
2650
2651
2652
2653
2654
2655
2656
2657
2658
2659
2660
2661
2662
2663
2664
2665
2666
2667
2668
2669
2670
2671
2672
2673
2674
2675
2676
2677
2678
2679
2680
2681
2682
2683
2684
2685
2686
2687
2688
2689
2690
2691
2692
2693
2694
2695
2696
2697
2698
2699
2700
2701
2702
2703
2704
2705
2706
2707
2708
2709
2710
2711
2712
2713
2714
2715
2716
2717
2718
2719
2720
2721
2722
2723
2724
2725
2726
2727
2728
2729
2730
2731
2732
2733
2734
2735
2736
2737
2738
2739
2740
2741
2742
2743
2744
2745
2746
2747
2748
2749
2750
2751
2752
2753
2754
2755
2756
2757
2758
2759
2760
2761
2762
2763
2764
2765
2766
2767
2768
2769
2770
2771
2772
2773
2774
2775
2776
2777
2778
2779
2780
2781
2782
2783
2784
2785
2786
2787
2788
2789
2790
2791
2792
2793
2794
2795
2796
2797
2798
2799
2800
2801
2802
2803
2804
2805
2806
2807
2808
2809
2810
2811
2812
2813
2814
2815
2816
2817
2818
2819
2820
2821
2822
2823
2824
2825
2826
2827
2828
2829
2830
2831
2832
2833
2834
2835
2836
2837
2838
2839
2840
2841
2842
2843
2844
2845
2846
2847
2848
2849
2850
2851
2852
2853
2854
2855
2856
2857
2858
2859
2860
2861
2862
2863
2864
2865
2866
2867
2868
2869
2870
2871
2872
2873
2874
2875
2876
2877
2878
2879
2880
2881
2882
2883
2884
2885
2886
2887
2888
2889
2890
2891
2892
2893
2894
2895
2896
2897
2898
2899
2900
2901
2902
2903
2904
2905
2906
2907
2908
2909
2910
2911
2912
2913
2914
2915
2916
2917
2918
2919
2920
2921
2922
2923
2924
2925
2926
2927
2928
2929
2930
2931
2932
2933
2934
2935
2936
2937
2938
2939
2940
2941
2942
2943
2944
2945
2946
2947
2948
2949
2950
2951
2952
2953
2954
2955
2956
2957
2958
2959
2960
2961
2962
2963
2964
2965
2966
2967
2968
2969
2970
2971
2972
2973
2974
2975
2976
2977
2978
2979
2980
2981
2982
2983
2984
2985
2986
2987
2988
2989
2990
2991
2992
2993
2994
2995
2996
2997
2998
2999
3000
3001
3002
3003
3004
3005
3006
3007
3008
3009
3010
3011
3012
3013
3014
3015
3016
3017
3018
3019
3020
3021
3022
3023
3024
3025
3026
3027
3028
3029
3030
3031
3032
3033
3034
3035
3036
3037
3038
3039
3040
3041
3042
3043
3044
3045
3046
3047
3048
3049
3050
3051
3052
3053
3054
3055
3056
3057
3058
3059
3060
3061
3062
3063
3064
3065
3066
3067
3068
3069
3070
3071
3072
3073
3074
3075
3076
3077
3078
3079
3080
3081
3082
3083
3084
3085
3086
3087
3088
3089
3090
3091
3092
3093
3094
3095
3096
3097
3098
3099
3100
3101
3102
3103
3104
3105
3106
3107
3108
3109
3110
3111
3112
3113
3114
3115
3116
3117
3118
3119
3120
3121
3122
3123
3124
3125
3126
3127
3128
3129
3130
3131
3132
3133
3134
3135
3136
3137
3138
3139
3140
3141
3142
3143
3144
3145
3146
3147
3148
3149
3150
3151
3152
3153
3154
3155
3156
3157
3158
3159
3160
3161
3162
3163
3164
3165
3166
3167
3168
3169
3170
3171
3172
3173
3174
3175
3176
3177
3178
3179
3180
3181
3182
3183
3184
3185
3186
3187
3188
3189
3190
3191
3192
3193
3194
3195
3196
3197
3198
3199
3200
3201
3202
3203
3204
3205
3206
3207
3208
3209
3210
3211
3212
3213
3214
3215
3216
3217
3218
3219
3220
3221
3222
3223
3224
3225
3226
3227
3228
3229
3230
3231
3232
3233
3234
3235
3236
3237
3238
3239
3240
3241
3242
3243
3244
3245
3246
3247
3248
3249
3250
3251
3252
3253
3254
3255
3256
3257
3258
3259
3260
3261
3262
3263
3264
3265
3266
3267
3268
3269
3270
3271
3272
3273
3274
3275
3276
3277
3278
3279
3280
3281
3282
3283
3284
3285
3286
3287
3288
3289
3290
3291
3292
3293
3294
3295
3296
3297
3298
3299
3300
3301
3302
3303
3304
3305
3306
3307
3308
3309
3310
3311
3312
3313
3314
3315
3316
3317
3318
3319
3320
3321
3322
3323
3324
3325
3326
3327
3328
3329
3330
3331
3332
3333
3334
3335
3336
3337
3338
3339
3340
3341
3342
3343
3344
3345
3346
3347
3348
3349
3350
3351
3352
3353
3354
3355
3356
3357
3358
3359
3360
3361
3362
3363
3364
3365
3366
3367
3368
3369
3370
3371
3372
3373
3374
3375
3376
3377
3378
3379
3380
3381
3382
3383
3384
3385
3386
3387
3388
3389
3390
3391
3392
3393
3394
3395
3396
3397
3398
3399
3400
3401
3402
3403
3404
3405
3406
3407
3408
3409
3410
3411
3412
3413
3414
3415
3416
3417
3418
3419
3420
3421
3422
3423
3424
3425
3426
3427
3428
3429
3430
3431
3432
3433
3434
3435
3436
3437
3438
3439
3440
3441
3442
3443
3444
3445
3446
3447
3448
3449
3450
3451
3452
3453
3454
3455
3456
3457
3458
3459
3460
3461
3462
3463
3464
3465
3466
3467
3468
3469
3470
3471
3472
3473
3474
3475
3476
3477
3478
3479
3480
3481
3482
3483
3484
3485
3486
3487
3488
3489
3490
3491
3492
3493
3494
3495
3496
3497
3498
3499
3500
3501
3502
3503
3504
3505
3506
3507
3508
3509
3510
3511
3512
3513
3514
3515
3516
3517
3518
3519
3520
3521
3522
3523
3524
3525
3526
3527
3528
3529
3530
3531
3532
3533
3534
3535
3536
3537
3538
3539
3540
3541
3542
3543
3544
3545
3546
3547
3548
3549
3550
3551
3552
3553
3554
3555
3556
3557
3558
3559
3560
3561
3562
3563
3564
3565
3566
3567
3568
3569
3570
3571
3572
3573
3574
3575
3576
3577
3578
3579
3580
3581
3582
3583
3584
3585
3586
3587
3588
3589
3590
3591
3592
3593
3594
3595
3596
3597
3598
3599
3600
3601
3602
3603
3604
3605
3606
3607
3608
3609
3610
3611
3612
3613
3614
3615
3616
3617
3618
3619
3620
3621
3622
3623
3624
3625
3626
3627
3628
3629
3630
3631
3632
3633
3634
3635
3636
3637
3638
3639
3640
3641
3642
3643
3644
3645
3646
3647
3648
3649
3650
3651
3652
3653
3654
3655
3656
3657
3658
3659
3660
3661
3662
3663
3664
3665
3666
3667
3668
3669
3670
3671
3672
3673
3674
3675
3676
3677
3678
3679
3680
3681
3682
3683
3684
3685
3686
3687
3688
3689
3690
3691
3692
3693
3694
3695
3696
3697
3698
3699
3700
3701
3702
3703
3704
3705
3706
3707
3708
3709
3710
3711
3712
3713
3714
3715
3716
3717
3718
3719
3720
3721
3722
3723
3724
3725
3726
3727
3728
3729
3730
3731
3732
3733
3734
3735
3736
3737
3738
3739
3740
3741
3742
3743
3744
3745
3746
3747
3748
3749
3750
3751
3752
3753
3754
3755
3756
3757
3758
3759
3760
3761
3762
3763
3764
3765
3766
3767
3768
3769
3770
3771
3772
3773
3774
3775
3776
3777
3778
3779
3780
3781
3782
3783
3784
3785
3786
3787
3788
3789
3790
3791
3792
3793
3794
3795
3796
3797
3798
3799
3800
3801
3802
3803
3804
3805
3806
3807
3808
3809
3810
3811
3812
3813
3814
3815
3816
3817
3818
3819
3820
3821
3822
3823
3824
3825
3826
3827
3828
3829
3830
3831
3832
3833
3834
3835
3836
3837
3838
3839
3840
3841
3842
3843
3844
3845
3846
3847
3848
3849
3850
3851
3852
3853
3854
3855
3856
3857
3858
3859
3860
3861
3862
3863
3864
3865
3866
3867
3868
3869
3870
3871
3872
3873
3874
3875
3876
3877
3878
3879
3880
3881
3882
3883
3884
3885
3886
3887
3888
3889
3890
3891
3892
3893
3894
3895
3896
3897
3898
3899
3900
3901
3902
3903
3904
3905
3906
3907
3908
3909
3910
3911
3912
3913
3914
3915
3916
3917
3918
3919
3920
3921
3922
3923
3924
3925
3926
3927
3928
3929
3930
3931
3932
3933
3934
3935
3936
3937
3938
3939
3940
3941
3942
3943
3944
3945
3946
3947
3948
3949
3950
3951
3952
3953
3954
3955
3956
3957
3958
3959
3960
3961
3962
3963
3964
3965
3966
3967
3968
3969
3970
3971
3972
3973
3974
3975
3976
3977
3978
3979
3980
3981
3982
3983
3984
3985
3986
3987
3988
3989
3990
3991
3992
3993
3994
3995
3996
3997
3998
3999
4000
4001
4002
4003
4004
4005
4006
4007
4008
4009
4010
4011
4012
4013
4014
4015
4016
4017
4018
4019
4020
4021
4022
4023
4024
4025
4026
4027
4028
4029
4030
4031
4032
4033
4034
4035
4036
4037
4038
4039
4040
4041
4042
4043
4044
4045
4046
4047
4048
4049
4050
4051
4052
4053
4054
4055
4056
4057
4058
4059
4060
4061
4062
4063
4064
4065
4066
4067
4068
4069
4070
4071
4072
4073
4074
4075
4076
4077
4078
4079
4080
4081
4082
4083
4084
4085
4086
4087
4088
4089
4090
4091
4092
4093
4094
4095
4096
4097
4098
4099
4100
4101
4102
4103
4104
4105
4106
4107
4108
4109
4110
4111
4112
4113
4114
4115
4116
4117
4118
4119
4120
4121
4122
4123
4124
4125
4126
4127
4128
4129
4130
4131
4132
4133
4134
4135
4136
4137
4138
4139
4140
4141
4142
4143
4144
4145
4146
4147
4148
4149
4150
4151
4152
4153
4154
4155
4156
4157
4158
4159
4160
4161
4162
4163
4164
4165
4166
4167
4168
4169
4170
4171
4172
4173
4174
4175
4176
4177
4178
4179
4180
4181
4182
4183
4184
4185
4186
4187
4188
4189
4190
4191
4192
4193
4194
4195
4196
4197
4198
4199
4200
4201
4202
4203
4204
4205
4206
4207
4208
4209
4210
4211
4212
4213
4214
4215
4216
4217
4218
4219
4220
4221
4222
4223
4224
4225
4226
4227
4228
4229
4230
4231
4232
4233
4234
4235
4236
4237
4238
4239
4240
4241
4242
4243
4244
4245
4246
4247
4248
4249
4250
4251
4252
4253
4254
4255
4256
4257
4258
4259
4260
4261
4262
4263
4264
4265
4266
4267
4268
4269
4270
4271
4272
4273
4274
4275
4276
4277
4278
4279
4280
4281
4282
4283
4284
4285
4286
4287
4288
4289
4290
4291
4292
4293
4294
4295
4296
4297
4298
4299
4300
4301
4302
4303
4304
4305
4306
4307
4308
4309
4310
4311
4312
4313
4314
4315
4316
4317
4318
4319
4320
4321
4322
4323
4324
4325
4326
4327
4328
4329
4330
4331
4332
4333
4334
4335
4336
4337
4338
4339
4340
4341
4342
4343
4344
4345
4346
4347
4348
4349
4350
4351
4352
4353
4354
4355
4356
4357
4358
4359
4360
4361
4362
4363
4364
4365
4366
4367
4368
4369
4370
4371
4372
4373
4374
4375
4376
4377
4378
4379
4380
4381
4382
4383
4384
4385
4386
4387
4388
4389
4390
4391
4392
4393
4394
4395
4396
4397
4398
4399
4400
4401
4402
4403
4404
4405
4406
4407
4408
4409
4410
4411
4412
4413
4414
4415
4416
4417
4418
4419
4420
4421
4422
4423
4424
4425
4426
4427
4428
4429
4430
4431
4432
4433
4434
4435
4436
4437
4438
4439
4440
4441
4442
4443
4444
4445
4446
4447
4448
4449
4450
4451
4452
4453
4454
4455
4456
4457
4458
4459
4460
4461
4462
4463
4464
4465
4466
4467
4468
4469
4470
4471
4472
4473
4474
4475
4476
4477
4478
4479
4480
4481
4482
4483
4484
4485
4486
4487
4488
4489
4490
4491
4492
4493
4494
4495
4496
4497
4498
4499
4500
4501
4502
4503
4504
4505
4506
4507
4508
4509
4510
4511
4512
4513
4514
4515
4516
4517
4518
4519
4520
4521
4522
4523
4524
4525
4526
4527
4528
4529
4530
4531
4532
4533
4534
4535
4536
4537
4538
4539
4540
4541
4542
4543
4544
4545
4546
4547
4548
4549
4550
4551
4552
4553
4554
4555
4556
4557
4558
4559
4560
4561
4562
4563
4564
4565
4566
4567
4568
4569
4570
4571
4572
4573
4574
4575
4576
4577
4578
4579
4580
4581
4582
4583
4584
4585
4586
4587
4588
4589
4590
4591
4592
4593
4594
4595
4596
4597
4598
4599
4600
4601
4602
4603
4604
4605
4606
4607
4608
4609
4610
4611
4612
4613
4614
4615
4616
4617
4618
4619
4620
4621
4622
4623
4624
4625
4626
4627
4628
4629
4630
4631
4632
4633
4634
4635
4636
4637
4638
4639
4640
4641
4642
4643
4644
4645
4646
4647
4648
4649
4650
4651
4652
4653
4654
4655
4656
4657
4658
4659
4660
4661
4662
4663
4664
4665
4666
4667
4668
4669
4670
4671
4672
4673
4674
4675
4676
4677
4678
4679
4680
4681
4682
4683
4684
4685
4686
4687
4688
4689
4690
4691
4692
4693
4694
4695
4696
4697
4698
4699
4700
4701
4702
4703
4704
4705
4706
4707
4708
4709
4710
4711
4712
4713
4714
4715
4716
4717
4718
4719
4720
4721
4722
4723
4724
4725
4726
4727
4728
4729
4730
4731
4732
4733
4734
4735
4736
4737
4738
4739
4740
4741
4742
4743
4744
4745
4746
4747
4748
4749
4750
4751
4752
4753
4754
4755
4756
4757
4758
4759
4760
4761
4762
4763
4764
4765
4766
4767
4768
4769
4770
4771
4772
4773
4774
4775
4776
4777
4778
4779
4780
4781
4782
4783
4784
4785
4786
4787
4788
4789
4790
4791
4792
4793
4794
4795
4796
4797
4798
4799
4800
4801
4802
4803
4804
4805
4806
4807
4808
4809
4810
4811
4812
4813
4814
4815
4816
4817
4818
4819
4820
4821
4822
4823
4824
4825
4826
4827
4828
4829
4830
4831
4832
4833
4834
4835
4836
4837
4838
4839
4840
4841
4842
4843
4844
4845
4846
4847
4848
4849
4850
4851
4852
4853
4854
4855
4856
4857
4858
4859
4860
4861
4862
4863
4864
4865
4866
4867
4868
4869
4870
4871
4872
4873
4874
4875
4876
4877
4878
4879
4880
4881
4882
4883
4884
4885
4886
4887
4888
4889
4890
4891
4892
4893
4894
4895
4896
4897
4898
4899
4900
4901
4902
4903
4904
4905
4906
4907
4908
4909
4910
4911
4912
4913
4914
4915
4916
4917
4918
4919
4920
4921
4922
4923
4924
4925
4926
4927
4928
4929
4930
4931
4932
4933
4934
4935
4936
4937
4938
4939
4940
4941
4942
4943
4944
4945
4946
4947
4948
4949
4950
4951
4952
4953
4954
4955
4956
4957
4958
4959
4960
4961
4962
4963
4964
4965
4966
4967
4968
4969
4970
4971
4972
4973
4974
4975
4976
4977
4978
4979
4980
4981
4982
4983
4984
4985
4986
4987
4988
4989
4990
4991
4992
4993
4994
4995
4996
4997
4998
4999
5000
5001
5002
5003
5004
5005
5006
5007
5008
5009
5010
5011
5012
5013
5014
5015
5016
5017
5018
5019
5020
5021
5022
5023
5024
5025
5026
5027
5028
5029
5030
5031
5032
5033
5034
5035
5036
5037
5038
5039
5040
5041
5042
5043
5044
5045
5046
5047
5048
5049
5050
5051
5052
5053
5054
5055
5056
5057
5058
5059
5060
5061
5062
5063
5064
5065
5066
5067
5068
5069
5070
5071
5072
5073
5074
5075
5076
5077
5078
5079
5080
5081
5082
5083
5084
5085
5086
5087
5088
5089
5090
5091
5092
5093
5094
5095
5096
5097
5098
5099
5100
5101
5102
5103
5104
5105
5106
5107
5108
5109
5110
5111
5112
5113
5114
5115
5116
5117
5118
5119
5120
5121
5122
5123
5124
5125
5126
5127
5128
5129
5130
5131
5132
5133
5134
5135
5136
5137
5138
5139
5140
5141
5142
5143
5144
5145
5146
5147
5148
5149
5150
5151
5152
5153
5154
5155
5156
5157
5158
5159
5160
5161
5162
5163
5164
5165
5166
5167
5168
5169
5170
5171
5172
5173
5174
5175
5176
5177
5178
5179
5180
5181
5182
5183
5184
5185
5186
5187
5188
5189
5190
5191
5192
5193
5194
5195
5196
5197
5198
5199
5200
5201
5202
5203
5204
5205
5206
5207
5208
5209
5210
5211
5212
5213
5214
5215
5216
5217
5218
5219
5220
5221
5222
5223
5224
5225
5226
5227
5228
5229
5230
5231
5232
5233
5234
5235
5236
5237
5238
5239
5240
5241
5242
5243
5244
5245
5246
5247
5248
5249
5250
5251
5252
5253
5254
5255
5256
5257
5258
5259
5260
5261
5262
5263
5264
5265
5266
5267
5268
5269
5270
5271
5272
5273
5274
5275
5276
5277
5278
5279
5280
5281
5282
5283
5284
5285
5286
5287
5288
5289
5290
5291
5292
5293
5294
5295
5296
5297
5298
5299
5300
5301
5302
5303
5304
5305
5306
5307
5308
5309
5310
5311
5312
5313
5314
5315
5316
5317
5318
5319
5320
5321
5322
5323
5324
5325
5326
5327
5328
5329
5330
5331
5332
5333
5334
5335
5336
5337
5338
5339
5340
5341
5342
5343
5344
5345
5346
5347
5348
5349
5350
5351
5352
5353
5354
5355
5356
5357
5358
5359
5360
5361
5362
5363
5364
5365
5366
5367
5368
5369
5370
5371
5372
5373
5374
5375
5376
5377
5378
5379
5380
5381
5382
5383
5384
5385
5386
5387
5388
5389
5390
5391
5392
5393
5394
5395
5396
5397
5398
5399
5400
5401
5402
5403
5404
5405
5406
5407
5408
5409
5410
5411
5412
5413
5414
5415
5416
5417
5418
5419
5420
5421
5422
5423
5424
5425
5426
5427
5428
5429
5430
5431
5432
5433
5434
5435
5436
5437
5438
5439
5440
5441
5442
5443
5444
5445
5446
5447
5448
5449
5450
5451
5452
5453
5454
5455
5456
5457
5458
5459
5460
5461
5462
5463
5464
5465
5466
5467
5468
5469
5470
5471
5472
5473
5474
5475
5476
5477
5478
5479
5480
5481
5482
5483
5484
5485
5486
5487
5488
5489
5490
5491
5492
5493
5494
5495
5496
5497
5498
5499
5500
5501
5502
5503
5504
5505
5506
5507
5508
5509
5510
5511
5512
5513
5514
5515
5516
5517
5518
5519
5520
5521
5522
5523
5524
5525
5526
5527
5528
5529
5530
5531
5532
5533
5534
5535
5536
5537
5538
5539
5540
5541
5542
5543
5544
5545
5546
5547
5548
5549
5550
5551
5552
5553
5554
5555
5556
5557
5558
5559
5560
5561
5562
5563
5564
5565
5566
5567
5568
5569
5570
5571
5572
5573
5574
5575
5576
5577
5578
5579
5580
5581
5582
5583
5584
5585
5586
5587
5588
5589
5590
5591
5592
5593
5594
5595
5596
5597
5598
5599
5600
5601
5602
5603
5604
5605
5606
5607
5608
5609
5610
5611
5612
5613
5614
5615
5616
5617
5618
5619
5620
5621
5622
5623
5624
5625
5626
5627
5628
5629
5630
5631
5632
5633
5634
5635
5636
5637
5638
5639
5640
5641
5642
5643
5644
5645
5646
5647
5648
5649
5650
5651
5652
5653
5654
5655
5656
5657
5658
5659
5660
5661
5662
5663
5664
5665
5666
5667
5668
5669
5670
5671
5672
5673
5674
5675
5676
5677
5678
5679
5680
5681
5682
5683
5684
5685
5686
5687
5688
5689
5690
5691
5692
5693
5694
5695
5696
5697
5698
5699
5700
5701
5702
5703
5704
5705
5706
5707
5708
5709
5710
5711
5712
5713
5714
5715
5716
5717
5718
5719
5720
5721
5722
5723
5724
5725
5726
5727
5728
5729
5730
5731
5732
5733
5734
5735
5736
5737
5738
5739
5740
5741
5742
5743
5744
5745
5746
5747
5748
5749
5750
5751
5752
5753
5754
5755
5756
5757
5758
5759
5760
5761
5762
5763
5764
5765
5766
5767
5768
5769
5770
5771
5772
5773
5774
5775
5776
5777
5778
5779
5780
5781
5782
5783
5784
5785
5786
5787
5788
5789
5790
5791
5792
5793
5794
5795
5796
5797
5798
5799
5800
5801
5802
5803
5804
5805
5806
5807
5808
5809
5810
5811
5812
5813
5814
5815
5816
5817
5818
5819
5820
5821
5822
5823
5824
5825
5826
5827
5828
5829
5830
5831
5832
5833
5834
5835
5836
5837
5838
5839
5840
5841
5842
5843
5844
5845
5846
5847
5848
5849
5850
5851
5852
5853
5854
5855
5856
5857
5858
5859
5860
5861
5862
5863
5864
5865
5866
5867
5868
5869
5870
5871
5872
5873
5874
5875
5876
5877
5878
5879
5880
5881
5882
5883
5884
5885
5886
5887
5888
5889
5890
5891
5892
5893
5894
5895
5896
5897
5898
5899
5900
5901
5902
5903
5904
5905
5906
5907
5908
5909
5910
5911
5912
5913
5914
5915
5916
5917
5918
5919
5920
5921
5922
5923
5924
5925
5926
5927
5928
5929
5930
5931
5932
5933
5934
5935
5936
5937
5938
5939
5940
5941
5942
5943
5944
5945
5946
5947
5948
5949
5950
5951
5952
5953
5954
5955
5956
5957
5958
5959
5960
5961
5962
5963
5964
5965
5966
5967
5968
5969
5970
5971
5972
5973
5974
5975
5976
5977
5978
5979
5980
5981
5982
5983
5984
5985
5986
5987
5988
5989
5990
5991
5992
5993
5994
5995
5996
5997
5998
5999
45992
45987
45975
45965
45941
45933
45910
45906
45888
45883
45878
45873
45865
45856
45848
45830
45822
45814
45810
45802
45801
45799
45797
45791
45785
45753
45732
45731
45715
45709
45707
45659
45654
45651
45642
45631
45627
45621
45614
45608
45571
45558
45554
45551
45534
45521
45512
45507
45489
45488
45486
45465
45464
45457
45455
45434
45427
45426
45406
45403
45394
45377
45373
45356
45344
45336
45328
45322
45314
45311
45307
45302
45301
45299
45278
45236
45224
45222
45199
45185
45182
45152
45143
45139
45137
45134
45123
45116
45111
45103
45095
45089
45087
45083
45080
45076
45052
45034
45020
45018
45016
45009
44982
44952
44940
44913
44906
44904
44891
44890
44882
44881
44851
44848
44827
44823
44816
44814
44808
44795
44787
44777
44769
44737
44728
44721
44703
44699
44697
44694
44680
44674
44665
44663
44654
44653
44639
44636
44622
44614
44613
44591
44589
44584
44582
44577
44550
44538
44527
44524
44514
44513
44512
44485
44480
44475
44469
44467
44458
44454
44432
44413
44399
44390
44386
44372
44369
44368
44353
44351
44346
44323
44322
44317
44306
44303
44295
44280
44262
44254
44229
44222
44185
44176
44173
44161
44156
44147
44138
44111
44109
44075
44070
44068
44060
44059
44053
44052
44040
44033
44026
44025
44011
44009
44004
43981
43965
43948
43947
43938
43926
43917
43910
43886
43876
43859
43853
43836
43824
43812
43809
43806
43800
43799
43797
43795
43779
43762
43749
43746
43732
43711
43698
43666
43663
43657
43641
43633
43623
43617
43613
43609
43595
43587
43586
43574
43551
43542
43525
43520
43482
43438
43425
43423
43407
43401
43390
43383
43379
43367
43360
43349
43315
43308
43305
43297
43283
43270
43261
43249
43246
43242
43237
43235
43231
43219
43214
43200
43199
43185
43178
43174
43168
43159
43152
43150
43147
43125
43107
43100
43085
43084
43081
43075
43073
43052
43048
43003
42984
42973
42970
42960
42950
42940
42932
42925
42919
42913
42910
42902
42890
42881
42867
42860
42856
42855
42851
42850
42846
42815
42811
42798
42775
42750
42742
42732
42713
42705
42695
42681
42658
42650
42611
42608
42602
42599
42592
42591
42584
42574
42566
42561
42545
42510
42507
42486
42483
42477
42473
42468
42456
42447
42422
42404
42393
42388
42380
42357
42354
42348
42334
42324
42316
42309
42301
42297
42277
42271
42255
42253
42232
42228
42224
42213
42202
42180
42177
42151
42142
42136
42133
42120
42119
42097
42084
42078
42070
42061
42035
42021
41989
41985
41980
41979
41969
41965
41954
41934
41932
41926
41900
41887
41881
41873
41865
41862
41851
41839
41833
41824
41803
41799
41784
41770
41768
41755
41753
41742
41740
41735
41717
41707
41705
41692
41688
41684
41669
41618
41595
41580
41579
41572
41564
41563
41559
41554
41529
41516
41515
41502
41494
41474
41464
41433
41431
41420
41400
41399
41398
41390
41383
41382
41380
41366
41360
41352
41350
41341
41326
41299
41298
41295
41294
41281
41267
41261
41259
41254
41240
41223
41215
41202
41184
41166
41141
41139
41132
41123
41113
41085
41081
41076
41068
41053
41037
41036
41024
41021
41013
41007
40995
40973
40960
40936
40918
40908
40885
40881
40878
40863
40856
40843
40822
40809
40801
40799
40779
40747
40732
40718
40706
40685
40677
40676
40660
40658
40650
40646
40636
40632
40630
40618
40610
40608
40607
40601
40565
40559
40548
40537
40521
40505
40502
40501
40493
40489
40459
40453
40433
40424
40415
40396
40370
40361
40357
40347
40332
40309
40292
40276
40260
40247
40242
40241
40240
40232
40218
40204
40193
40180
40166
40157
40146
40145
40141
40121
40116
40114
40025
40020
39994
39992
39988
39970
39958
39918
39912
39911
39902
39900
39899
39897
39896
39894
39893
39863
39839
39834
39822
39818
39785
39784
39782
39757
39754
39752
39751
39750
39739
39738
39734
39729
39723
39689
39674
39625
39620
39614
39613
39610
39608
39604
39586
39561
39560
39547
39545
39539
39528
39526
39506
39497
39478
39430
39412
39411
39393
39391
39388
39381
39370
39337
39333
39315
39297
39296
39280
39263
39249
39246
39230
39221
39213
39205
39178
39166
39165
39156
39146
39135
39134
39131
39129
39103
39099
39096
39095
39092
39065
39064
39062
39051
39046
39033
39031
39028
39006
38988
38969
38960
38958
38945
38916
38913
38911
38907
38906
38894
38881
38879
38876
38866
38836
38835
38831
38807
38798
38797
38771
38770
38764
38761
38754
38747
38721
38702
38693
38689
38658
38646
38630
38627
38620
38612
38610
38606
38600
38595
38570
38564
38562
38560
38550
38549
38543
38527
38510
38499
38498
38495
38492
38488
38487
38462
38458
38456
38455
38453
38430
38429
38420
38408
38398
38396
38394
38391
38383
38375
38374
38370
38369
38366
38345
38328
38315
38309
38289
38288
38287
38272
38249
38237
38235
38233
38219
38215
38214
38193
38174
38169
38142
38123
38113
38112
38096
38095
38091
38085
38081
38058
38054
38033
38032
38024
38011
38004
38003
37998
37993
37991
37986
37972
37957
37956
37955
37926
37923
37918
37909
37907
37889
37886
37882
37873
37868
37851
37823
37788
37778
37777
37775
37770
37768
37740
37730
37711
37709
37697
37696
37689
37684
37665
37660
37646
37630
37623
37613
37611
37585
37575
37552
37545
37539
37510
37498
37495
37493
37489
37471
37458
37443
37439
37425
37406
37405
37398
37391
37390
37382
37377
37371
37349
37347
37345
37330
37311
37275
37269
37242
37240
37228
37215
37203
37200
37199
37196
37192
37153
37142
37132
37128
37112
37103
37102
37094
37088
37072
37060
37057
37050
37043
37026
37025
37011
37009
37008
36973
36933
36925
36908
36903
36899
36885
36884
36878
36859
36849
36846
36839
36833
36830
36817
36813
36791
36784
36781
36776
36769
36754
36751
36734
36732
36730
36727
36713
36711
36689
36684
36679
36663
36662
36655
36639
36633
36630
36614
36607
36602
36592
36588
36569
36561
36550
36546
36538
36529
36523
36492
36490
36489
36486
36485
36447
36445
36421
36409
36375
36363
36351
36350
36340
36332
36331
36319
36313
36302
36268
36211
36206
36201
36189
36184
36181
36171
36160
36146
36137
36130
36118
36097
36094
36082
36069
36052
36048
36038
36036
36023
36001
35987
35968
35964
35959
35956
35953
35947
35946
35942
35939
35927
35923
35904
35899
35896
35870
35865
35860
35849
35840
35839
35826
35823
35807
35805
35798
35791
35789
35764
35759
35755
35750
35713
35702
35691
35673
35666
35662
35660
35658
35650
35638
35631
35622
35615
35613
35592
35589
35577
35570
35545
35535
35518
35517
35511
35503
35500
35486
35465
35462
35458
35453
35450
35432
35422
35414
35400
35397
35371
35357
35350
35333
35328
35321
35310
35275
35265
35254
35234
35226
35193
35179
35176
35174
35166
35163
35159
35131
35127
35126
35119
35091
35073
35069
35066
35054
35038
35035
35006
35005
34992
34991
34985
34964
34963
34919
34917
34903
34901
34888
34873
34872
34870
34840
34830
34828
34826
34823
34813
34809
34788
34778
34770
34757
34751
34746
34745
34738
34731
34721
34720
34680
34658
34641
34635
34623
34604
34598
34594
34592
34580
34577
34569
34568
34554
34544
34523
34502
34499
34494
34476
34472
34471
34441
34440
34431
34427
34398
34388
34370
34358
34337
34335
34333
34321
34316
34309
34271
34262
34247
34242
34237
34236
34228
34227
34210
34202
34199
34194
34180
34157
34153
34138
34137
34125
34124
34122
34121
34112
34110
34102
34098
34090
34065
34062
34056
34053
34042
34037
34032
34024
34004
33992
33991
33989
33979
33973
33971
33966
33941
33940
33910
33882
33876
33867
33862
33855
33850
33825
33820
33814
33811
33802
33777
33769
33758
33753
33738
33726
33725
33724
33719
33715
33696
33694
33690
33680
33677
33670
33651
33644
33632
33601
33594
33592
33591
33578
33575
33543
33536
33519
33511
33488
33479
33478
33476
33462
33444
33435
33396
33377
33361
33351
33345
33344
33334
33324
33320
33319
33311
33310
33304
33292
33291
33286
33283
33276
33259
33258
33257
33224
33222
33219
33209
33206
33200
33198
33178
33174
33167
33159
33129
33126
33118
33113
33108
33107
33106
33103
33092
33088
33080
33072
33066
33059
33049
33028
33007
33004
32989
32928
32913
32893
32878
32868
32836
32827
32818
32802
32790
32781
32777
32772
32769
32765
32753
32749
32723
32714
32710
32709
32687
32685
32679
32628
32624
32618
32610
32590
32584
32576
32574
32569
32567
32541
32524
32522
32515
32511
32489
32482
32455
32453
32446
32433
32411
32409
32407
32397
32394
32393
32391
32387
32374
32366
32356
32349
32339
32338
32335
32329
32300
32283
32276
32270
32249
32245
32244
32240
32223
32215
32212
32197
32194
32186
32185
32179
32175
32168
32138
32135
32134
32130
32129
32116
32114
32110
32105
32094
32084
32082
32080
32067
32063
32056
32051
32032
32006
32000
31997
31983
31982
31980
31975
31969
31959
31931
31925
31905
31904
31886
31867
31854
31844
31826
31819
31812
31808
31799
31762
31749
31732
31731
31728
31702
31699
31694
31685
31658
31645
31632
31621
31615
31611
31568
31565
31547
31546
31530
31490
31485
31478
31465
31464
31450
31444
31437
31432
31413
31399
31388
31370
31369
31362
31357
31337
31329
31309
31302
31299
31298
31283
31270
31269
31261
31253
31250
31244
31232
31231
31216
31210
31207
31206
31196
31186
31170
31169
31166
31162
31159
31145
31112
31097
31084
31069
31067
31041
31035
31024
31019
31003
30994
30984
30980
30977
30973
30971
30964
30954
30940
30922
30921
30915
30911
30907
30904
30895
30876
30870
30855
30846
30828
30806
30786
30783
30779
30749
30748
30739
30732
30719
30718
30704
30693
30690
30684
30681
30672
30648
30625
30591
30586
30584
30583
30571
30560
30557
30538
30524
30522
30506
30498
30495
30473
30460
30452
30449
30440
30433
30410
30396
30394
30393
30386
30373
30356
30352
30351
30326
30316
30298
30290
30285
30277
30275
30264
30250
30212
30202
30201
30199
30196
30195
30194
30171
30154
30142
30081
30060
30043
30042
30032
30017
30016
30001
29985
29980
29978
29974
29951
29950
29932
29928
29915
29909
29908
29907
29904
29894
29888
29867
29861
29860
29848
29839
29813
29798
29795
29789
29788
29781
29778
29766
29765
29760
29737
29734
29721
29719
29715
29708
29701
29658
29654
29641
29625
29624
29609
29589
29587
29551
29533
29527
29521
29493
29479
29467
29453
29442
29437
29434
29353
29338
29333
29323
29312
29305
29299
29297
29283
29273
29226
29220
29205
29191
29184
29183
29157
29143
29128
29127
29126
29114
29110
29074
29057
29049
29025
29012
29007
29004
29000
28993
28977
28964
28960
28957
28951
28949
28948
28934
28931
28930
28929
28921
28915
28890
28862
28861
28857
28845
28844
28841
28827
28817
28816
28814
28812
28808
28801
28792
28787
28778
28776
28754
28752
28745
28737
28723
28719
28698
28655
28648
28644
28634
28631
28608
28592
28591
28584
28572
28571
28569
28551
28523
28517
28514
28513
28503
28493
28479
28476
28473
28457
28451
28443
28440
28412
28391
28383
28382
28377
28356
28346
28343
28340
28313
28312
28309
28297
28291
28290
28283
28262
28243
28242
28240
28228
28205
28180
28156
28149
28135
28133
28131
28124
28123
28119
28095
28089
28084
28080
28071
28058
28057
28041
28039
28034
28030
28015
28013
28010
27993
27992
27980
27979
27973
27970
27969
27952
27939
27929
27923
27917
27911
27909
27902
27898
27869
27868
27856
27839
27828
27791
27782
27781
27771
27741
27728
27725
27713
27701
27647
27646
27637
27607
27585
27584
27581
27580
27578
27572
27544
27527
27505
27497
27489
27482
27464
27400
27380
27376
27371
27365
27359
27328
27325
27323
27318
27314
27313
27311
27304
27299
27282
27261
27259
27221
27219
27216
27196
27195
27192
27188
27185
27182
27178
27174
27172
27165
27163
27162
27152
27145
27126
27121
27120
27113
27108
27106
27105
27072
27071
27064
27045
27022
27013
27009
26994
26984
26983
26978
26977
26970
26964
26962
26951
26945
26938
26924
26920
26918
26915
26914
26906
26890
26877
26875
26874
26857
26818
26797
26760
26746
26737
26727
26719
26705
26693
26688
26686
26662
26642
26641
26635
26625
26619
26617
26609
26582
26565
26560
26557
26553
26544
26543
26537
26519
26517
26512
26505
26491
26488
26478
26474
26471
26442
26431
26412
26404
26401
26400
26398
26394
26393
26387
26383
26368
26352
26344
26330
26328
26308
26303
26300
26295
26291
26288
26271
26269
26263
26261
26252
26243
26234
26226
26211
26208
26194
26189
26184
26180
26176
26174
26170
26169
26163
26157
26153
26149
26148
26125
26117
26112
26094
26077
26070
26068
26061
26047
26008
25992
25990
25988
25976
25974
25970
25950
25945
25943
25941
25940
25937
25934
25932
25931
25923
25912
25898
25893
25872
25849
25835
25826
25824
25817
25809
25805
25796
25791
25790
25769
25750
25749
25724
25718
25702
25675
25655
25648
25626
25621
25619
25616
25615
25612
25599
25584
25582
25573
25564
25561
25554
25547
25535
25530
25515
25494
25483
25480
25440
25435
25434
25431
25417
25416
25411
25402
25398
25397
25394
25392
25361
25341
25316
25295
25291
25284
25283
25270
25265
25262
25249
25240
25236
25233
25231
25225
25224
25209
25196
25185
25178
25173
25164
25158
25154
25153
25133
25132
25118
25104
25103
25100
25098
25091
25077
25056
25052
25048
25031
25026
25023
25019
25012
25002
24997
24996
24965
24958
24954
24950
24937
24902
24889
24881
24880
24876
24860
24855
24840
24835
24825
24821
24807
24797
24790
24777
24764
24761
24760
24748
24740
24732
24729
24722
24716
24707
24700
24698
24697
24696
24691
24681
24677
24674
24668
24650
24643
24635
24633
24628
24627
24603
24596
24593
24575
24574
24572
24561
24559
24546
24542
24541
24528
24504
24494
24486
24480
24464
24461
24431
24421
24417
24391
24383
24371
24368
24364
24347
24326
24317
24313
24311
24309
24307
24305
24301
24241
24237
24234
24215
24214
24205
24194
24191
24175
24174
24173
24132
24094
24086
24076
24030
24023
24022
24012
24007
24006
24002
23971
23962
23957
23954
23948
23943
23935
23931
23914
23906
23899
23893
23891
23889
23885
23860
23858
23831
23827
23823
23811
23810
23794
23793
23788
23768
23765
23757
23749
23747
23725
23722
23712
23696
23689
23688
23682
23659
23650
23626
23616
23579
23572
23568
23550
23549
23548
23532
23529
23522
23512
23500
23482
23474
23438
23387
23358
23355
23352
23350
23334
23329
23304
23303
23284
23280
23252
23217
23208
23202
23195
23163
23152
23150
23143
23124
23122
23118
23092
23091
23085
23082
23081
23073
23069
23064
23062
23057
23041
23040
23037
23035
23012
23006
23001
22981
22970
22962
22936
22935
22932
22923
22902
22900
22886
22867
22843
22837
22809
22775
22771
22768
22762
22761
22758
22750
22739
22735
22730
22680
22679
22671
22667
22664
22651
22626
22586
22584
22579
22574
22570
22565
22556
22539
22529
22521
22516
22509
22504
22482
22481
22475
22471
22464
22450
22448
22394
22387
22384
22358
22336
22312
22309
22302
22293
22273
22245
22228
22225
22224
22211
22199
22198
22193
22187
22182
22180
22152
22147
22136
22134
22129
22123
22122
22103
22102
22088
22079
22061
22056
22050
22033
22020
21992
21987
21974
21970
21960
21942
21928
21926
21922
21920
21919
21917
21907
21905
21901
21860
21853
21843
21829
21823
21793
21790
21771
21769
21764
21756
21739
21723
21722
21718
21712
21706
21691
21685
21682
21665
21653
21649
21642
21624
21608
21566
21553
21549
21533
21498
21483
21428
21420
21386
21382
21366
21363
21359
21357
21351
21342
21330
21329
21326
21321
21309
21308
21300
21292
21252
21247
21240
21233
21231
21225
21219
21214
21194
21188
21178
21170
21154
21148
21146
21143
21135
21116
21111
21105
21102
21075
21068
21067
21055
21044
21038
21028
20991
20978
20977
20976
20975
20953
20952
20942
20937
20934
20901
20887
20885
20881
20879
20872
20864
20855
20853
20851
20836
20829
20826
20824
20815
20812
20811
20810
20804
20791
20787
20782
20744
20720
20718
20715
20712
20701
20692
20676
20666
20656
20655
20653
20630
20604
20596
20593
20588
20580
20575
20549
20533
20513
20509
20496
20464
20461
20453
20439
20438
20432
20431
20428
20416
20393
20392
20388
20376
20368
20365
20364
20360
20354
20353
20332
20331
20309
20308
20290
20281
20257
20254
20249
20223
20188
20165
20158
20144
20102
20094
20078
20077
20070
20045
20040
20035
20031
20023
20012
20005
20004
20001
19976
19974
19973
19938
19937
19936
19924
19916
19914
19907
19887
19873
19862
19852
19850
19835
19833
19830
19826
19823
19813
19810
19808
19801
19800
19788
19777
19774
19772
19765
19741
19730
19726
19708
19704
19702
19693
19690
19671
19670
19666
19639
19632
19630
19624
19612
19604
19597
19582
19581
19573
19567
19564
19561
19560
19550
19544
19542
19527
19505
19481
19464
19438
19412
19388
19386
19381
19347
19316
19297
19290
19279
19260
19259
19255
19254
19244
19242
19230
19228
19222
19219
19218
19209
19178
19174
19156
19152
19149
19148
19118
19101
19093
19080
19076
19055
19050
19041
19024
19006
19004
19002
18999
18998
18992
18977
18975
18957
18940
18939
18936
18926
18923
18919
18918
18887
18874
18867
18866
18862
18856
18818
18810
18806
18797
18794
18787
18785
18770
18755
18747
18742
18741
18735
18732
18715
18713
18712
18704
18702
18698
18686
18681
18679
18673
18660
18658
18633
18617
18608
18606
18602
18598
18576
18545
18540
18509
18507
18505
18504
18499
18494
18492
18488
18475
18470
18454
18453
18451
18440
18438
18436
18420
18410
18405
18375
18371
18368
18364
18356
18348
18339
18334
18321
18303
18299
18298
18281
18279
18275
18271
18270
18261
18254
18192
18188
18187
18168
18138
18120
18099
18095
18094
18085
18079
18040
18036
18028
18026
18018
18002
17988
17982
17978
17977
17957
17953
17940
17929
17918
17892
17886
17884
17878
17873
17863
17859
17852
17850
17844
17809
17806
17800
17796
17757
17752
17749
17724
17717
17715
17708
17705
17685
17679
17670
17663
17639
17633
17628
17626
17624
17620
17616
17615
17611
17603
17597
17595
17585
17580
17576
17563
17548
17546
17499
17488
17485
17482
17479
17478
17461
17454
17449
17379
17374
17372
17370
17352
17347
17337
17323
17308
17293
17288
17279
17274
17270
17269
17266
17232
17217
17203
17202
17201
17184
17171
17165
17154
17144
17137
17128
17124
17110
17104
17087
17083
17081
17080
17061
17038
17031
17026
17025
16984
16978
16977
16976
16962
16949
16947
16929
16910
16908
16902
16883
16862
16833
16826
16813
16804
16800
16795
16787
16782
16779
16757
16728
16725
16717
16713
16688
16681
16658
16654
16645
16641
16637
16625
16615
16601
16594
16585
16578
16576
16556
16554
16533
16530
16524
16519
16516
16491
16484
16465
16464
16455
16451
16449
16446
16435
16412
16410
16400
16398
16392
16391
16388
16363
16360
16353
16341
16337
16333
16327
16326
16317
16306
16304
16300
16296
16295
16288
16280
16277
16271
16267
16251
16250
16228
16226
16217
16211
16203
16193
16175
16138
16135
16130
16129
16110
16103
16083
16071
16065
16064
16061
16034
16022
16009
16005
15992
15990
15980
15979
15975
15966
15957
15952
15944
15921
15917
15912
15911
15903
15896
15885
15877
15852
15849
15839
15828
15795
15761
15759
15753
15744
15714
15709
15705
15697
15692
15656
15645
15642
15636
15595
15588
15583
15579
15578
15568
15560
15550
15540
15511
15477
15469
15464
15458
15451
15447
15442
15441
15426
15413
15410
15390
15380
15362
15357
15353
15333
15330
15321
15319
15307
15306
15302
15301
15299
15296
15294
15291
15290
15288
15286
15282
15267
15247
15215
15209
15197
15187
15185
15181
15180
15174
15173
15165
15162
15153
15152
15140
15128
15118
15104
15102
15088
15077
15075
15059
15058
15057
15037
15035
15011
14999
14997
14990
14964
14958
14957
14951
14949
14927
14916
14915
14912
14895
14871
14868
14864
14862
14845
14835
14832
14831
14826
14816
14807
14795
14793
14784
14777
14767
14735
14725
14708
14696
14694
14660
14658
14652
14625
14611
14609
14603
14584
14580
14574
14570
14561
14535
14533
14516
14514
14511
14479
14471
14469
14463
14454
14435
14434
14405
14391
14364
14345
14336
14333
14327
14315
14302
14297
14284
14281
14259
14219
14217
14202
14197
14193
14165
14161
14145
14143
14119
14097
14085
14083
14066
14050
14047
14046
14033
14018
14013
14012
13998
13995
13985
13966
13953
13942
13916
13901
13858
13844
13840
13819
13813
13795
13784
13752
13745
13743
13708
13703
13683
13672
13655
13654
13652
13635
13626
13622
13620
13601
13574
13547
13535
13514
13509
13508
13497
13491
13462
13461
13452
13450
13419
13404
13403
13396
13362
13360
13357
13350
13337
13325
13323
13310
13307
13290
13282
13268
13247
13222
13209
13188
13178
13173
13161
13155
13145
13144
13135
13128
13109
13100
13087
13069
13062
13058
13047
13044
13028
13027
13021
13014
13013
13011
13010
13004
12996
12991
12985
12977
12964
12960
12959
12958
12945
12930
12915
12901
12897
12886
12872
12870
12867
12866
12842
12841
12834
12822
12813
12803
12789
12781
12780
12761
12744
12743
12724
12720
12713
12697
12696
12694
12691
12682
12681
12670
12663
12651
12647
12642
12637
12630
12622
12620
12609
12601
12598
12596
12595
12590
12574
12571
12557
12554
12534
12533
12532
12530
12521
12518
12505
12470
12468
12463
12444
12436
12419
12399
12396
12391
12390
12381
12376
12368
12364
12361
12331
12324
12317
12312
12306
12281
12278
12274
12261
12254
12253
12238
12227
12205
12197
12196
12191
12176
12173
12168
12165
12150
12149
12140
12134
12118
12093
12079
12077
12063
12058
12050
12042
12040
12037
12035
12011
12009
12006
11999
11990
11979
11970
11962
11960
11959
11953
11949
11947
11943
11940
11937
11932
11921
11918
11908
11907
11905
11897
11895
11893
11879
11878
11874
11873
11867
11866
11864
11855
11834
11831
11812
11808
11807
11788
11783
11771
11764
11763
11732
11730
11719
11706
11698
11690
11684
11683
11676
11664
11658
11651
11625
11620
11617
11595
11587
11576
11551
11549
11533
11521
11512
11499
11489
11469
11463
11420
11419
11415
11402
11391
11388
11380
11374
11370
11356
11353
11344
11331
11295
11293
11290
11281
11272
11265
11262
11255
11245
11235
11226
11218
11202
11191
11157
11143
11126
11107
11086
11075
11070
11067
11064
11058
11046
11041
11034
11032
11021
11015
10995
10994
10983
10975
10955
10951
10927
10925
10919
10912
10908
10906
10903
10891
10887
10884
10878
10861
10848
10847
10841
10836
10832
10818
10778
10775
10763
10754
10746
10745
10744
10739
10720
10717
10678
10674
10659
10630
10618
10607
10602
10601
10595
10592
10584
10579
10566
10565
10552
10539
10520
10516
10512
10507
10498
10497
10492
10479
10476
10468
10459
10449
10438
10424
10418
10391
10349
10333
10320
10314
10313
10308
10306
10299
10296
10285
10281
10274
10271
10266
10260
10250
10231
10215
10214
10203
10201
10185
10177
10129
10122
10112
10104
10099
10097
10089
10087
10085
10083
10045
10020
10018
9992
9980
9978
9954
9949
9934
9921
9911
9893
9859
9844
9841
9826
9824
9816
9809
9794
9790
9764
9757
9753
9734
9732
9727
9715
9694
9664
9653
9644
9640
9637
9634
9623
9620
9606
9588
9559
9545
9535
9532
9512
9509
9508
9491
9478
9473
9467
9446
9440
9367
9362
9353
9351
9336
9334
9323
9317
9293
9283
9266
9262
9241
9237
9218
9208
9192
9156
9132
9125
9123
9117
9114
9109
9104
9098
9096
9095
9088
9079
9072
9065
9058
9045
9043
9019
9015
9013
9008
9007
9005
9002
8991
8980
8957
8941
8906
8904
8893
8886
8883
8879
8878
8875
8852
8844
8843
8842
8840
8830
8827
8771
8763
8761
8742
8726
8696
8690
8678
8677
8665
8656
8649
8637
8636
8627
8625
8619
8602
8586
8565
8542
8510
8500
8482
8478
8477
8472
8467
8450
8448
8438
8433
8429
8423
8413
8411
8410
8408
8391
8390
8384
8378
8369
8345
8330
8325
8323
8321
8319
8315
8309
8300
8299
8295
8288
8281
8263
8239
8233
8224
8203
8199
8198
8191
8189
8148
8139
8131
8113
8111
8105
8100
8092
8087
8086
8071
8065
8055
8053
8050
8024
8013
7998
7989
7988
7984
7965
7959
7949
7942
7932
7926
7923
7909
7906
7866
7837
7826
7816
7801
7791
7784
7766
7729
7713
7705
7692
7686
7684
7656
7646
7633
7631
7630
7628
7625
7624
7611
7597
7585
7583
7561
7545
7534
7529
7516
7510
7496
7467
7464
7463
7460
7414
7412
7365
7363
7349
7340
7339
7325
7323
7308
7304
7296
7295
7292
7268
7252
7243
7240
7235
7226
7214
7210
7209
7207
7191
7186
7182
7172
7156
7149
7133
7121
7117
7093
7089
7076
7070
7029
7026
7020
7017
7010
7002
6998
6994
6973
6953
6950
6934
6931
6928
6909
6904
6901
6880
6864
6860
6851
6845
6825
6819
6815
6813
6806
6803
6764
6762
6759
6752
6744
6743
6737
6728
6716
6708
6705
6699
6693
6689
6687
6680
6668
6665
6653
6642
6636
6632
6612
6601
6599
6593
6589
6580
6579
6576
6561
6558
6548
6519
6513
6511
6510
6465
6455
6452
6434
6430
6429
6426
6406
6404
6400
6393
6388
6386
6378
6373
6362
6357
6346
6337
6329
6319
6316
6311
6310
6302
6276
6259
6241
6238
6227
6218
6214
6210
6209
6203
6197
6178
6157
6132
6126
6115
6110
6074
6073
6065
6060
6055
6036
6026
6025
6010
6003
