10000
1819
3153
2133
4160
2550
3903
7906
3101
7498
3286
7595
1322
6884
3914
4922
3332
1077
260
539
1467
3693
1778
1773
4579
5792
530
6451
4428
3878
5909
3986
4700
3120
6882
7980
4039
1459
4804
6859
2180
5948
7257
7826
1337
6791
4435
2090
2724
798
877
4927
724
4271
2481
1086
57
7828
4063
5307
7857
973
7553
5015
3170
6223
1254
2387
5919
7218
6826
5672
7248
7649
1660
3357
2975
7754
2595
5713
2674
4083
7367
4969
6301
4879
6752
3040
5466
6075
3116
75
6586
3540
1174
6832
4002
279
7375
4514
1037
3823
7501
4487
4412
1330
3637
3889
5447
6758
2970
4733
7727
1760
2121
234
1054
6822
465
1598
4341
852
3389
4856
6563
6655
5003
4587
2457
7312
4921
119
4162
2377
4636
2753
5459
4596
1282
3035
2022
4062
6578
510
5512
7733
6359
6493
7441
6469
472
6394
6114
6792
1587
4964
3601
5889
2590
5209
2907
1088
5657
7293
1757
7548
5440
3018
4951
538
5026
2903
3364
5066
6133
6103
3828
182
3978
1813
4895
5780
4889
6205
513
6243
345
3994
5325
3855
7666
2233
98
4911
2567
6273
7438
7851
3619
2628
1722
6650
2065
1448
3952
905
6633
7532
4580
4634
3947
2467
802
5633
5805
175
2639
2012
4633
1652
6889
7236
7309
7036
2667
7194
3109
2752
3121
3015
7841
2465
5517
7865
6887
1131
3750
414
5436
2852
5795
4757
7267
6258
2272
1432
2778
611
614
6519
1518
1942
4497
3919
2310
7449
2189
4393
2292
851
3997
546
4052
4567
3898
1596
7642
6415
4198
7771
1243
7985
1378
7007
7074
5640
1915
1796
2230
7330
3747
5499
7239
6104
2038
3461
3343
1158
7406
2513
484
4488
4251
3059
809
712
3526
5251
7559
5962
5903
1326
4024
3302
2491
6474
7009
1249
6869
2199
7843
965
7306
4074
5493
6641
5647
1869
4443
5954
3585
4998
5786
2346
3107
762
4284
3966
6570
784
4586
4624
2554
6900
1183
6981
5168
4303
5669
7388
7786
7695
2271
6233
6356
3906
349
6150
3175
7590
4664
3859
7097
1959
5476
3002
6497
2571
1308
6358
2026
3113
2419
6660
6183
6605
4016
5655
7592
7235
6936
6049
4239
7198
3021
165
3529
2633
6001
5067
6681
2393
4882
4366
7715
7876
3106
5916
1665
438
528
750
5163
1827
4844
7971
1259
7035
814
4982
7745
7540
7450
5541
6102
1561
4948
1737
5692
3561
4057
6086
7692
6817
4564
144
675
6873
3136
7188
1194
4132
7923
813
709
1304
155
5551
860
2861
6491
4565
4652
1591
3350
3150
383
78
2328
6526
2723
3228
5073
624
961
506
4222
2631
647
127
1515
1951
193
7872
7973
1110
6477
4597
7474
2420
7060
4013
3688
6376
4067
5299
7347
2562
6306
4806
6298
6021
636
1168
5056
6435
3483
39
5395
5982
3194
5227
6580
4771
1324
632
6896
2650
5328
7184
5496
393
6921
7213
5394
1446
6189
3411
6351
7132
1339
289
1341
1008
25
3358
1979
1420
5898
7069
4199
7783
3328
831
4662
4538
5399
7385
5407
4005
5811
7907
7678
1107
6874
2547
6666
1102
1738
33
2632
741
3593
4116
371
1450
783
2329
2202
6978
7842
2273
434
6166
7721
2792
4903
534
5749
6156
2496
5596
552
1361
714
125
5941
5646
1167
2574
650
2696
1570
6343
3108
1411
4846
799
2080
6281
137
3761
1565
3778
4473
3050
6917
5490
3662
5326
5240
2410
3926
5122
4498
4358
7250
4084
7485
314
1501
4107
2143
3463
5975
6682
3169
2924
2906
311
4381
5507
3401
5099
4668
5758
865
2779
2399
5650
3043
2578
7011
4220
6039
7373
1029
5593
5079
3138
6664
2780
4138
2031
7635
147
7468
5526
1927
181
1945
4675
2647
6648
4441
4422
2240
2738
3630
7867
1272
6032
5472
7822
5762
1064
1134
6187
4375
2119
2869
1075
5058
3588
3759
7348
6637
875
3352
1498
319
7597
6546
5084
11
4038
2188
4478
7871
7500
1703
4592
6501
3713
5576
7244
335
3648
5358
5862
6587
7455
4932
3436
3566
958
2115
6691
5004
225
339
1976
7403
7462
913
3094
4158
7337
1736
2118
4698
1839
5702
2729
7238
2186
672
6433
6828
7026
4256
6208
889
4787
4444
85
1404
7770
1373
3111
4145
3925
5755
2897
7259
497
3945
1226
7210
7345
5863
2417
6916
1391
7784
2871
491
5626
4834
2238
2018
7625
7113
7131
7201
2478
2367
4820
7739
247
1986
3970
1212
3267
2203
252
1911
5506
1743
7535
4711
5088
5310
6417
7377
5072
3800
5614
7845
6465
4707
2209
6952
5397
7645
7316
1605
4226
5800
4639
7002
7417
7234
1701
1283
7118
1988
2608
5420
4547
7924
6522
2086
7029
3155
104
1933
7755
7800
5819
6881
7361
7950
307
5213
6448
5185
5388
4004
7124
1588
215
5441
6643
3550
2540
49
1889
3004
649
1579
4992
2815
6432
211
189
3633
4791
5059
5848
4663
5268
3657
4528
1414
1673
475
760
6808
841
2912
6017
5701
3742
2222
1759
4053
2301
4017
801
395
7891
3212
1688
1863
745
525
7224
4071
485
6990
5839
4098
6848
7140
2227
7271
3074
4638
1171
3387
3929
1937
360
1825
6878
259
7505
249
1522
3367
4715
4137
7854
5181
5722
686
1713
7858
1299
6767
6011
6725
6629
6935
168
1928
4047
312
7927
4708
7719
5290
5172
6595
1214
5561
4065
4026
694
5853
7557
380
2697
1368
5261
4676
3273
7700
2878
3268
1176
6145
6107
7096
815
2020
6160
2356
7740
5231
5317
620
5540
1998
7371
6851
6055
3714
4904
7
549
6567
2981
7517
1887
7960
3249
7150
3644
3152
2802
1850
6370
5076
2049
5147
3470
4186
4209
5531
5957
7204
7022
971
5886
1186
2421
7815
5726
4165
7289
5390
2569
6487
4078
6944
7888
3578
6041
1830
2803
442
7640
753
7811
3234
3158
6046
3206
5767
4765
1038
7146
848
2486
1950
6402
4523
4813
3548
132
7254
3244
7639
1057
4777
5766
1539
1236
3491
3476
4
1906
1270
3654
7621
5882
7510
7076
7437
4774
4075
5866
1666
64
354
6142
1076
5141
6775
5480
6185
3295
3397
4610
2560
2163
257
4518
4970
6849
7471
6096
7229
7765
7660
4809
3685
427
5699
5249
3535
4961
446
5994
2525
3473
2684
2503
7889
853
2783
221
3704
4819
937
2365
1808
7372
7932
52
4853
3788
5639
5820
6604
5282
1706
2828
1841
4117
5138
3060
763
1458
4085
4007
6403
2354
170
7835
5414
264
3694
4386
4434
2053
1348
2682
1803
4751
7552
7513
1291
1859
4058
3236
5287
4458
3147
4302
7731
3512
3943
936
3335
6877
407
1024
6962
3905
5588
2538
4250
2825
7533
7447
3987
1744
364
3102
1150
6120
4105
5053
7654
6945
5489
1817
7181
7089
4352
7696
5932
2519
5034
5373
2322
610
2551
2332
6153
4690
5201
2837
3941
1273
1697
6613
3659
2626
1256
7679
6905
7900
2515
7574
4104
41
4881
2988
871
2805
2261
108
2572
7117
907
5187
839
1386
274
5558
4331
514
7926
4814
883
7829
7386
6645
5037
558
7072
7685
2108
3499
2875
2019
1581
2323
2976
4984
4351
7789
3053
6992
3868
4119
2307
7529
5222
7217
2439
6987
6537
7836
3563
3183
3912
3294
6139
4785
4460
4683
6429
5439
7653
350
6541
4744
4172
5966
4873
3691
1678
6561
7469
4328
6540
1852
4513
7705
7821
2470
3026
3199
3034
188
1204
7012
5761
6611
3580
15
6129
4521
7358
3801
7558
6100
1691
1155
6977
2524
1929
5552
976
5968
765
7351
254
28
2777
3192
2932
999
1286
3980
2872
3099
2989
4833
930
206
2442
7743
5978
3523
2027
7986
5868
4825
1583
92
3243
418
4713
5999
7100
4313
3551
4864
7027
6450
4499
1439
500
6727
3214
410
4126
7473
6635
6710
1380
3307
1810
3208
1340
7870
1919
4258
6180
1909
5302
7216
6454
7220
5124
5333
2900
4152
5774
2659
5847
2656
5929
1525
7655
4059
1886
4263
1517
6979
6112
2127
7334
2383
3883
2436
6146
3628
5403
6229
6443
671
3973
4562
868
4010
6705
7798
3072
5484
4378
4011
6731
7659
6320
7408
7767
5419
1900
6037
2397
4515
1748
488
4157
5305
4073
4417
1711
504
2959
50
2717
1802
7774
6708
3168
5708
3571
1112
3623
1756
535
3073
5381
4887
110
6213
6789
3534
1645
5062
3371
4939
2433
6330
5194
3318
5501
6985
56
42
5214
7518
2672
1058
3985
164
7763
6274
940
7185
3445
2029
3504
3205
7812
7676
4018
4349
990
6463
7866
3664
7991
3333
2612
3836
7324
5661
4797
4001
6942
1051
4439
5896
377
3541
7736
7304
2557
6304
7192
6606
7534
6248
857
7681
4025
3674
6934
3884
3325
3417
5719
7295
5289
1248
849
5928
1371
3771
183
5705
5627
3933
1912
7589
2266
4710
5875
490
3223
3752
320
4281
4940
3264
2057
5411
3070
7894
2373
3005
5342
3195
3044
22
1968
5534
731
1067
5196
1489
7697
2113
6788
141
7957
2917
6444
3271
4938
7718
3946
1771
2941
2827
4204
7452
6946
6259
6003
3610
1907
1096
4312
7041
6288
2537
7542
4694
1779
4232
1109
2150
3620
1677
3030
6106
4978
2430
1521
2179
6612
7273
2085
7017
1639
7032
3203
3285
551
3211
3076
1741
4255
6840
3339
3305
5715
6294
7539
5955
91
1507
2817
7425
4516
6744
6683
1305
4201
6386
4094
1787
3405
1635
1104
7998
3661
5612
1994
2480
734
5118
7264
2497
7880
6421
4519
2592
2721
7628
7585
3784
2544
3507
2600
7428
5895
5267
1160
5258
7674
2231
5799
2890
1702
459
6091
7940
3542
654
847
6367
7400
6781
6494
7260
6312
1135
4688
6007
2718
1661
5354
1667
5198
4957
1329
1828
6576
2539
2704
1541
494
4870
4470
2848
1712
5740
2407
220
1042
837
6127
5387
1510
1232
5660
7757
467
6268
787
3596
2140
7028
2129
4391
1470
4632
4896
2283
3972
5410
1121
4763
5760
2236
4359
2321
2921
3495
4424
5107
5140
1303
916
3231
7661
332
2597
6590
3182
4724
542
1000
7126
4350
2925
3326
3616
2178
2066
7019
975
5069
2453
2773
5987
4064
1122
5166
1953
4649
2449
5149
3414
1302
6207
1654
3008
7496
7903
2884
5148
48
3428
3695
925
6471
5408
4268
4993
4322
2192
5452
5927
803
2583
6157
1219
3359
5560
2379
4142
592
3879
2511
3259
6684
7292
1495
4086
7168
2823
322
1946
355
2050
177
7477
1649
3062
4505
3715
2620
4468
2234
1050
5556
859
486
3635
3143
2942
3522
703
2071
7318
2565
5935
4719
7690
7827
7047
955
2913
1046
7764
778
1864
3565
1815
2488
4356
4950
6218
2698
7938
6543
896
430
1410
556
7366
1466
1066
1290
3822
988
7059
7591
94
6876
7549
80
1313
6238
1279
908
4817
4041
626
921
4425
594
926
4524
7319
464
4561
6425
2334
7166
7713
2359
4799
4755
7093
1349
7901
7859
645
5899
1816
6400
1389
3785
5159
2390
5915
5248
71
6644
1838
5243
5960
4989
7684
5121
6769
5649
571
4489
3112
6793
3984
5656
7048
3931
2469
1632
1809
3892
2193
967
6319
1435
879
4092
7208
2315
3353
2463
5645
6534
1381
1871
6357
5096
4373
7545
747
5644
3516
4792
5471
2218
428
5386
4600
6668
4496
6794
5897
4602
6196
1084
754
2370
3381
3971
1023
5071
3160
924
6741
6883
3965
3196
6948
4293
1031
4398
1584
2305
1440
6284
2134
7775
7495
5036
2854
4409
1895
2669
7917
6642
3247
2021
7352
5950
6478
7094
3468
5888
3991
1056
5195
3134
6616
3410
5182
432
1280
679
3684
3201
3717
6627
1794
1559
1834
1094
7063
6864
5323
526
3798
1616
5679
5077
2670
5113
3310
850
6350
6085
5609
2262
2028
4171
2035
704
890
5840
2577
5329
5583
818
1814
2003
3114
118
5308
5016
7689
3796
2429
2849
6800
667
7103
304
1356
2427
1234
3682
70
6518
6431
5665
5017
1434
3805
3837
1524
6803
3804
5605
2325
5939
5782
4885
6141
6252
4886
7724
5608
1964
3174
4913
5469
1277
3355
533
1879
4269
7326
531
5274
5000
2666
239
6598
2586
4836
3983
6161
2466
2952
1119
5220
2768
4796
5589
1776
1222
6783
3795
3003
6389
5835
3988
6943
6162
1441
3374
2109
273
1890
2692
282
1018
7225
1192
7850
2864
7176
1674
4285
454
1888
6504
3146
6754
1166
5651
2765
7915
3224
5581
202
3128
6092
6733
1630
3104
3538
4644
4469
6163
7955
5374
4573
1388
7945
6054
2290
6846
5613
1624
3606
7584
6072
3140
1436
7603
4584
388
2591
2889
3435
1832
6928
3356
1497
6707
6669
6763
6950
5716
3077
689
6123
583
4966
3636
1899
7647
5575
3425
3826
2369
316
3261
3176
248
2715
1001
6961
4387
7227
6521
4046
5173
4779
6244
3722
6184
4980
7709
5555
6307
3573
2953
4066
4517
6890
6214
1985
728
3126
399
1557
5793
2767
7083
6663
6371
4207
1875
1546
1345
1156
5131
250
1143
1657
7772
6581
6762
7490
4990
4620
7480
4096
7911
6719
862
1412
1163
1491
109
3860
1237
6761
2349
271
3629
2751
1145
7873
6774
1199
4808
1028
6098
5464
1696
4773
6181
5432
2279
387
5021
2858
5120
3735
2678
3982
5112
5063
6325
1504
4522
5587
5431
2253
6715
153
351
4901
35
923
5604
585
5421
5514
5364
7212
2505
7340
7959
7594
6735
6951
7527
7928
3705
7258
1935
7758
2928
4736
5256
5513
5232
7817
5105
2345
2621
4459
1682
6506
124
7732
2719
2381
2635
6012
1149
5623
2052
2064
7085
6062
7187
7680
5958
3262
7472
5838
3641
3613
1969
590
7207
505
873
3045
6959
5143
4467
1747
5339
3068
363
2081
7916
5937
2275
6009
7883
1795
6277
468
4370
5280
7673
4289
7005
6920
779
5454
2099
1608
115
4334
7111
4857
6345
7735
730
6440
7412
5736
2835
6449
2936
5360
5343
3687
7391
5704
1592
122
3421
2147
2060
40
3124
7399
4754
7508
3042
4309
5625
3668
855
1159
5156
5681
1052
6600
2291
3793
7638
6231
7988
5075
7073
2809
3874
205
7776
126
2304
5383
7353
1288
2024
218
256
2870
4111
5304
7392
5223
7808
7751
6967
3456
4876
919
2617
5796
385
5221
1111
6706
4692
3172
7427
5515
4486
3745
2251
5475
6240
5598
1530
2606
5504
5009
4266
6894
4108
7456
2599
854
7967
4743
173
3520
7435
1941
7327
4237
6375
2205
5712
7623
7563
3191
7170
1523
3190
2014
3935
5924
5384
3336
5098
5519
6453
6397
3290
2841
3743
887
4570
894
5636
6837
4775
5174
5832
2157
4608
822
2866
2382
3078
2808
1613
7398
1612
5110
4144
3817
1877
3524
7546
3254
6285
6396
2340
1253
3028
1148
6069
742
3773
5070
3528
2138
2961
378
7716
3025
2638
4415
6940
4481
3603
1876
6702
4314
7572
1005
2653
3545
1607
6315
718
4679
5253
1321
6138
195
4645
3467
1047
5106
4693
2568
7125
7283
7305
6278
2865
4484
7762
4850
4069
2979
4705
3870
758
5580
7077
2287
7543
6428
6152
7277
5693
5362
7634
2258
6149
1924
6216
1343
7269
353
6165
5315
492
1209
1720
1179
4376
6908
7936
7795
4272
1847
2260
540
2389
7108
5108
3434
2737
2855
1528
2145
3815
3492
4003
7344
7608
7633
2462
5029
6564
6673
7791
6651
5821
3320
1216
7573
6913
6110
5595
5925
437
2212
1768
5584
7604
1275
4559
3265
2665
1917
4452
1405
7197
3241
4242
3218
2156
5723
1485
3347
1069
1708
4935
6756
2794
2742
3270
816
4821
4628
2011
7820
3366
162
1449
7737
7922
6515
792
2170
6819
7195
3627
1274
6649
593
2703
5111
4975
6164
4747
2155
6310
2412
6441
2681
7504
2471
609
7357
6872
2526
1004
915
6596
3880
5002
134
677
6910
2040
5041
4657
6348
7663
5936
7300
5884
4681
3046
1740
4127
2311
2908
5477
1529
4008
4437
7062
6254
6740
5488
6659
258
1731
45
7794
3967
5179
2625
4304
2987
3036
2098
6729
7010
1161
3246
4491
7203
4880
5527
6475
93
5278
6300
1487
7804
6862
1065
4848
2775
3309
3553
3440
713
1392
6391
3375
2788
2575
1698
7946
2454
1799
707
4883
3850
5508
1837
4655
5991
24
7138
6217
6188
5790
1932
6423
1032
628
6270
5776
2372
3118
3416
7566
7068
2015
7430
4630
644
969
4968
619
3537
6366
2795
6382
6194
2207
1093
2993
5742
2169
7190
4396
7703
5804
1582
6079
5081
3252
3323
287
7708
683
3857
7071
4734
6040
5548
6118
4300
6136
436
73
748
1766
4049
481
3009
6929
7686
3877
4687
5818
4831
786
6557
1205
6630
5051
688
2699
5728
6885
6276
993
2710
157
470
3640
2501
1002
6338
4860
3119
6340
640
3802
6269
7243
308
4148
7467
4619
482
4650
2394
7024
2916
2660
2545
7752
5667
7512
570
4154
7583
710
1780
2691
4501
5731
4032
7528
1938
3188
1097
3064
6827
2893
4780
1078
7586
5160
4852
6777
1629
2249
3618
3277
5255
3426
2507
1146
5125
1473
7488
5145
5217
1010
652
638
655
3313
4110
7756
3866
1653
7948
1620
4661
7016
4931
2528
7796
2923
2039
479
7135
5170
1220
963
3568
5615
6868
5890
6373
5602
5810
1252
6024
6411
3741
2195
2088
7233
1175
4987
1668
7206
1442
3863
5809
4253
3711
3594
1854
1460
6839
1284
2441
3665
6678
6969
5668
4241
5344
3748
4928
292
7877
3197
2185
2431
4131
5906
1475
7656
3953
3079
4335
4735
2535
4306
5700
3921
5885
1513
7328
2067
6983
844
53
6043
7143
6409
2293
6520
1692
323
1765
299
5578
6831
4648
1191
5049
3940
1939
3376
3362
6147
3766
179
2250
6657
5202
4265
5114
6033
346
2892
5638
2747
1996
1949
3599
7847
3819
4691
6922
4327
5979
4738
60
1732
5691
3607
2363
7014
7747
2318
6108
145
270
2176
5739
3370
1033
834
6144
5744
1644
7030
6776
1478
2673
7444
5434
6420
548
4336
3792
2385
2432
1206
1387
6853
1788
3957
3658
7699
4827
23
7977
230
772
6182
5177
2422
5769
3329
3038
1775
4658
4936
7446
4485
1709
7868
113
1973
1777
3454
6004
7434
5013
3162
4892
1514
5045
4103
7084
1573
2800
5813
2531
3589
3621
3486
3010
5834
7612
2522
1922
6452
4816
54
3312
2520
6137
5190
6124
6368
6023
2553
2269
1989
4954
6599
4091
6384
5734
2776
2094
604
2714
325
1006
5570
2142
6745
4631
6279
5215
5816
3179
1527
7766
3304
3135
6535
2461
6949
5155
199
5802
3787
7476
358
7397
6158
6329
3430
6199
5451
7600
4577
1848
5921
4669
2487
3899
1098
2649
7497
6838
1855
2689
3292
6455
5429
5161
1315
1453
7136
1336
5562
1728
2579
7050
103
1474
4801
4248
566
6496
3086
2772
576
3624
1193
7607
245
766
69
6282
2769
5046
6834
2477
1853
2818
2761
5873
7933
1082
1762
1372
1914
6998
6685
6694
4855
6815
4637
2317
6726
263
1577
4426
5949
3696
3163
1370
3631
4115
3692
2168
2288
7905
7523
7599
5349
572
2813
2013
5828
1516
3057
7965
7342
5292
233
5904
7356
2504
489
2167
608
3498
2955
5685
6113
6782
6234
7643
5247
794
5815
6383
3632
7693
991
2636
2842
1983
7104
3189
276
4090
6760
441
5309
2863
6631
5663
5024
3048
7974
6416
7810
1952
291
840
3001
7668
5101
3928
4180
573
4949
2728
6220
5887
7526
615
6509
1463
5134
3144
1749
5376
5905
7387
3969
3720
4557
1962
674
4842
5892
7276
1725
4019
2843
3740
4009
2
845
5151
695
2826
4455
653
2308
612
1091
7360
7325
422
1120
5392
452
1921
708
6989
5188
3608
939
495
5601
666
5293
5336
6976
5264
6316
7479
7730
5154
3622
2312
2215
5365
1699
43
352
370
7440
4742
1555
2820
2443
6609
6617
244
6408
6927
5510
7571
7921
3263
6031
7278
1113
900
1990
7286
5298
898
1427
5350
503
6013
6903
2232
6309
3703
2589
4135
4539
6272
4534
7688
5456
1307
4832
4474
4113
3698
1202
4986
2847
7748
7734
295
4210
5550
4264
4503
6999
3909
4783
6947
4673
5485
3465
5579
2378
5902
6442
2758
6337
4124
2966
5511
5706
5850
4297
82
4803
2972
2296
1351
4680
3756
876
5841
5355
5171
5894
1822
6461
4421
6333
690
65
2173
4448
2482
5690
2978
5028
228
1383
2284
836
1422
302
3775
3452
7511
7102
5789
7142
6239
1533
2648
4731
3154
7222
4537
5827
574
362
6005
2810
5752
7090
7310
3327
4656
6798
2154
1040
3396
6954
3037
7249
6801
733
1353
4095
6963
4546
5415
6728
4905
7416
368
1402
4228
3031
2033
1619
1211
2690
2790
4462
5150
105
3423
3403
4925
4106
2896
7994
1295
7043
1621
6539
1664
2131
6619
158
4672
6746
6667
515
2905
2400
7515
2244
493
6531
6322
6413
5005
5207
3645
2930
5295
2198
6050
6698
5197
6206
4828
2495
3948
4718
4176
4563
5858
5254
4136
3515
5442
4977
6591
2634
3831
7576
7892
5521
6462
1230
5695
1181
3564
419
3316
1797
1726
3427
390
7346
5891
681
130
7134
720
6029
4616
7897
5620
30
1862
5335
7193
4794
7503
5273
1845
3308
4761
524
5851
7147
159
3494
3902
5001
5050
6939
3816
606
2256
1705
1180
6313
2898
3956
2585
4419
4357
4697
5265
1147
7657
5064
2303
5446
3221
6201
7502
214
4510
2435
7620
1095
6044
3871
2319
1293
3807
4830
5745
7768
5448
4721
962
4613
3683
6886
6661
2982
1719
7670
2874
2077
2337
1116
3131
2217
764
2270
2725
1294
1801
2074
7984
6060
1954
5228
4287
970
3806
3369
1563
6956
4512
4995
2654
4899
4543
3213
1606
5356
4433
4605
231
3382
1012
4029
2314
3676
2151
1397
1365
922
5425
880
2063
4867
5993
4532
163
2079
3453
1185
532
2782
5491
1880
2543
7969
2680
2529
6583
4273
4361
7442
4509
6038
2971
5497
4508
4601
417
1138
6480
1818
3728
7491
1080
6066
2937
5500
7025
3348
4942
224
1580
340
6964
4030
616
994
6574
2910
7802
4581
7013
2139
6071
3777
4746
5483
5186
5756
4641
2492
1409
4275
5210
2943
1408
176
6835
3000
1560
7432
4525
3858
265
3989
2584
4055
3679
986
4490
5559
4685
5281
4890
7037
498
1672
5943
424
4701
7978
3082
5917
5311
2922
3765
4551
668
2985
6261
4929
1225
6615
808
4196
3656
2732
1022
7981
920
121
6991
2358
4337
3415
4454
6051
5748
6303
2811
6572
160
4762
5714
6241
757
3067
1130
7662
6505
3917
5366
6753
6048
861
210
933
1820
3227
3546
5833
2158
7205
7308
2645
216
6210
167
5963
5398
2598
6290
1764
4997
541
3794
4033
4394
4699
1686
4674
1734
7415
408
7141
7844
2518
3032
656
6941
7414
508
5405
2885
4128
6385
2791
3457
3276
4798
1413
1715
4236
5711
6723
7359
5537
219
4768
411
6559
974
5205
1884
7245
7315
6670
4385
5132
5750
3786
196
5988
4568
1637
4330
3751
4818
7458
5103
6829
5316
7343
4872
3075
4355
6042
4686
1445
5543
3311
1506
6121
1363
7579
2006
1208
6779
6439
96
910
7099
7790
2774
7677
1359
6836
2451
2130
5463
5775
5191
5720
777
2629
7320
547
3066
6083
6544
6500
3543
622
3977
6321
6266
457
1301
5479
805
6807
3960
6045
5630
3466
7569
1684
2658
7453
1943
7255
7605
5019
4249
2662
5624
6219
2499
4781
2619
6398
2025
1800
7536
334
2437
6354
7782
2644
770
5573
2135
5199
2980
2224
6690
460
2348
603
6960
7807
5997
1358
2083
3394
715
7107
3732
5204
7937
1578
3385
7242
6134
2096
5658
2563
2124
5910
2054
3799
2274
7299
5262
6718
7122
587
5619
1367
6938
6995
6483
2977
6151
6755
6714
7717
7457
7976
5260
618
1026
651
6764
1628
870
328
409
4916
7941
5455
5864
3783
3487
7200
5710
4894
5880
2276
5164
5983
7837
951
5572
7567
6076
5664
3399
6014
1923
6169
5010
5971
2069
2343
560
2839
6632
3130
7886
6332
5418
637
698
4298
2716
3185
7830
3842
7383
6639
2559
7956
1982
46
1483
298
985
7769
2609
7307
2686
5806
7613
6077
4764
3293
7180
806
6722
7550
4671
518
6131
5303
4323
3372
6410
2679
374
4457
4678
2357
5653
7993
455
736
3097
2324
2264
447
2607
6997
1679
7943
3413
2229
6536
1835
6202
379
6283
1327
892
3502
1543
416
1377
959
4403
660
7191
7262
3672
4205
2366
3944
5033
5413
6289
4845
5594
1262
3283
7803
4759
3582
7644
3449
561
5554
3820
4722
5729
344
2862
3710
4191
5772
5854
3854
2228
1227
6861
4574
521
1655
1944
2514
4946
4476
2252
2401
7067
6966
5757
1669
4786
3117
6082
2048
4215
7992
5631
3768
2342
3530
6019
5826
4665
2618
1055
1030
139
6806
154
2894
4888
7483
1934
38
6971
7560
1045
4166
4101
4169
4930
4161
5970
2183
3240
6805
1043
186
4847
7506
4843
5189
5271
6562
6275
3321
1281
7151
3615
87
2128
6703
6280
6809
7675
229
6870
3011
4245
3419
4427
2001
7672
6490
3841
6230
2009
6625
3269
6901
3872
5038
1384
6186
4414
129
2259
5136
4684
6711
830
7723
6377
4181
207
3496
5522
6361
2204
9
4261
6339
2110
7781
6250
3660
4875
7368
2030
2787
1823
5643
450
3555
2056
3039
4472
6647
7616
4795
5444
846
2483
6468
5845
4109
885
7568
5641
3095
5763
7588
613
555
1334
6577
4461
3993
4122
891
1198
3478
3145
7362
2434
2685
4826
3762
5492
3051
1426
581
6418
582
5093
3602
209
97
2755
3861
6253
1955
5990
4402
4318
768
1767
4967
1642
7929
2089
7648
621
5759
6898
1893
3319
7759
2263
5065
4507
3226
156
7909
185
5406
2793
1428
4139
3278
6844
7547
480
6405
1250
3697
7173
5233
2622
4730
5996
1572
6523
4479
6099
2148
7044
4972
2594
1132
7881
2880
474
4234
6314
4056
4089
2601
3907
7722
522
2175
1087
5801
2640
3115
7958
4395
5773
5807
1457
6372
3324
6734
4741
1431
7760
7968
2132
5474
5768
3634
3346
2002
2796
20
4286
3812
6228
6168
1492
5218
2386
6242
7934
7003
3437
4401
262
3847
3384
3337
7944
623
1903
148
7972
509
2757
5400
1901
2216
2920
3764
5825
5753
5027
5989
5270
4348
5998
456
7983
1687
3577
7650
7725
1680
3638
135
2500
4945
5964
7219
1015
6022
7619
7780
5458
3166
7302
5320
4643
6525
1298
7252
2523
1092
2295
6365
2536
6736
3485
6296
58
5603
5139
2736
372
5538
6422
278
4447
7332
5453
1651
1603
696
6015
1905
5637
2744
2754
2171
5718
6786
4042
3609
1721
3554
1482
6624
2459
725
5318
4530
7051
5566
941
2530
568
2940
662
2702
5842
4607
4423
1073
4217
5822
1354
6008
1717
7809
3129
3052
3584
7313
1228
1231
5675
1123
2720
3797
2891
4060
102
7882
6171
828
1070
7379
2339
143
7792
1833
3225
1152
1245
557
2588
2448
5918
1965
4296
5338
3390
4031
1586
4218
3570
2494
4858
4187
693
384
6387
7816
4429
4112
3202
4475
5438
4910
7199
6759
6265
7317
4044
7226
6892
433
6404
7148
3458
2521
2106
3689
6457
2172
5345
1320
5986
564
3275
3675
5297
2087
7646
261
6674
1783
4023
6855
1258
6640
1978
7339
6802
3497
903
1566
6626
1718
7052
761
2350
3673
1423
929
4216
4549
3652
7154
7149
3058
318
7171
912
1385
1562
6845
6974
4214
88
3406
2730
6267
5652
4955
14
6510
5279
1287
3963
7064
5487
6638
4723
7805
2785
2286
7075
1689
1840
5725
4991
4197
7314
3459
5235
2247
5340
7997
5565
2300
2844
7001
2958
3829
4410
1658
1824
37
2944
1791
687
2423
7982
6614
439
5743
2532
4262
1604
3718
3193
7020
7280
3918
3159
1693
5291
2616
7374
598
5616
2408
6628
4021
3089
3408
7121
7323
3157
5698
4432
692
3968
5450
4696
3288
7833
3412
31
3782
6336
3574
3237
55
4618
499
5357
6996
3557
6514
631
6565
2867
5930
7422
2282
1263
4599
6095
305
440
2235
7380
1611
2424
4150
1812
5241
699
2651
3678
702
7448
1851
6020
7797
2351
267
6502
7849
7954
7460
639
1210
7793
13
6198
1891
4048
952
2945
7365
1170
7123
443
4714
2320
7834
4959
697
6790
3047
2901
3729
7622
3897
7402
4364
6412
4758
7098
1856
280
1013
5981
4466
6812
6784
5629
7256
2042
3896
5607
1790
1401
4611
1729
6603
2254
3600
1261
6912
4279
7281
1364
519
2484
5671
2112
4651
1154
811
7284
4907
3591
5870
7522
726
4431
4014
6353
7137
1545
4006
6547
200
7046
7556
1403
3738
5234
6481
300
2789
3881
7773
2833
7704
6116
1622
6193
3349
5754
7159
5457
6311
7801
6821
5020
7156
3301
174
6027
3744
2248
2641
790
6101
6236
5266
1987
7544
420
26
3840
3893
1997
7112
7582
7952
2911
4654
4319
3084
511
2137
1196
3363
194
5123
7720
2873
1105
722
2587
7832
241
3961
6556
2984
5901
4231
1016
3839
3901
1003
5237
927
336
1244
3055
2460
5680
1267
3395
5104
2045
643
4345
2967
4179
3527
7551
5694
204
3544
3148
4168
5525
738
3257
4920
1751
678
1306
4789
1260
5467
7354
487
7018
2201
3865
284
6360
4342
7486
6061
1931
1437
2456
5771
554
4590
1926
878
6652
5206
4329
1127
7963
3250
1641
2187
4840
1676
7091
7279
682
161
968
6749
723
6679
32
3017
543
1118
5337
6554
6743
7237
5078
992
789
6174
7738
6677
6704
2313
2078
6662
2797
4737
1631
4900
4159
4770
569
2983
3391
2409
5867
4822
6488
294
6379
5276
2576
6810
2428
4438
4270
7056
7294
2438
5465
7884
5944
3719
7247
1494
4280
3825
4320
642
3171
2101
4615
5908
1433
7777
3063
7741
4292
4788
3951
1625
3781
2223
1540
4653
367
2613
5175
950
5697
4068
5574
6768
1617
1590
1754
1881
3207
2846
6135
2593
2582
981
3789
3505
7454
2221
5351
2764
3297
5242
2046
1357
7694
213
4229
1452
4578
2353
2527
6579
4276
4445
2476
1048
3446
4294
4430
6566
7004
6271
1465
2727
7355
7831
2856
6700
7451
5212
797
6115
4390
5961
1916
7885
4339
1264
596
99
6597
1366
3344
6235
6211
7658
4598
5865
788
820
3852
1331
5375
2213
6406
4061
2023
3724
2683
4420
152
1285
6052
3388
1536
3398
2552
6891
4079
3248
1615
6968
832
989
2425
635
4802
2464
1246
6018
5542
2661
1486
7989
3091
4436
785
4346
3007
588
2706
3511
4869
2200
1035
4973
2947
2881
6980
44
1975
47
719
7799
3753
7418
3760
5470
3579
2677
1221
3493
5592
3721
6524
2555
4413
1479
5617
7058
2184
1009
6712
2326
1626
1099
3232
6824
2991
1650
3334
4087
7410
1547
6260
6503
2036
6923
2123
7706
6327
6823
4915
6717
5956
2541
3532
4012
61
7055
6436
550
3338
4575
5843
4689
2125
4646
4815
7898
2701
6658
1352
6399
932
5229
7575
2181
6446
192
5530
6857
7951
1417
2196
7186
1049
1670
6858
4183
3132
7879
7042
3100
6550
3862
373
2655
7172
3081
1311
2904
5391
2055
4583
6618
2992
7562
3251
3939
833
3998
5306
5503
6854
7086
948
6128
246
4923
288
5478
3016
6906
7152
7785
7489
7445
6349
235
5424
203
62
2997
1531
3508
6065
4383
3127
960
313
7611
1355
7598
4360
953
983
5976
2935
1948
166
2707
773
7423
949
4695
2573
4465
6879
5741
7631
445
7975
901
10
3253
2630
5524
6675
1553
5
3361
1537
117
2162
5933
5951
746
4477
6074
5327
327
1681
7617
1509
2257
7714
5844
1602
4841
7524
4223
4174
4238
6569
2549
863
7814
3187
5495
4155
5965
5372
6911
2770
2017
1490
2933
1177
3178
1826
1137
6739
5119
1575
4941
5169
5564
7165
1861
2995
7215
4311
1739
3088
2743
2220
657
3210
5836
1257
6875
7114
4760
6326
5922
7274
268
2996
3477
3255
1789
4118
2740
4589
3087
1394
2333
6958
676
2043
2117
4871
516
106
3560
7296
1710
1338
5553
5746
1323
4282
5674
4365
2418
7744
659
2850
2225
5142
545
6672
272
3164
3583
3489
1601
6419
602
6653
6305
3830
7861
1549
1443
2965
2709
5529
4093
180
2141
4595
5879
7129
3927
5277
1268
7106
3626
3809
2152
5347
6955
1774
1309
5852
357
1444
4918
2806
1930
553
111
396
3200
4540
4147
1438
6460
6264
502
326
6119
171
1520
4343
2100
3404
1103
6573
3763
3562
881
7054
3455
1060
1633
3832
6895
5481
5468
101
3733
5060
4493
1472
5502
1469
140
6507
2440
3023
1571
6897
1551
453
2909
5382
4333
7163
6093
6888
5670
7268
6575
208
3289
6034
6796
2859
1021
4776
6002
5461
7095
3380
1974
4647
3587
4739
476
6856
3737
5505
5600
4194
5881
1548
3942
3402
4862
1772
7637
5022
4766
3481
2062
4193
7045
4368
5947
5102
4140
3643
7253
1162
3875
7424
5516
398
7990
701
4000
5100
1360
6246
6467
6293
5567
2824
3867
6191
1019
1918
3054
7863
5129
3974
529
1241
3377
2450
6380
3882
6818
902
1393
296
150
1519
6414
6028
3936
5183
4449
2391
4861
580
7393
1242
212
6192
3922
2687
7120
1488
6470
5348
1229
2278
6262
4290
5861
517
1595
7852
1316
4123
1419
2447
5803
3027
5275
2915
4603
1418
864
3949
359
3098
1609
4054
5610
7401
2458
2416
3049
4243
6427
520
5545
7270
3503
5791
6355
1782
2107
2371
4906
5128
6390
3506
7407
2960
7065
1542
1793
4141
415
1328
6159
823
6816
4750
5368
775
2712
4535
1873
2832
3595
826
4790
6295
5837
2498
1190
4213
4709
5057
5738
5080
1647
4531
6364
2676
6512
3586
3843
4542
3736
3920
2868
4556
6458
911
1142
4851
7008
2468
2208
663
3647
4594
3360
4338
5435
3475
6479
6257
5427
3482
6025
6730
3677
6251
2801
1784
2164
1314
3448
1114
2082
4753
1977
3092
3314
2219
1188
7394
866
7742
7333
21
3576
2948
3510
1074
1081
1981
7778
2637
6053
4670
7939
4716
7322
169
403
972
7979
3022
3849
2580
5095
341
4082
3345
394
6287
1165
3911
6378
740
6434
478
3020
1454
934
59
4934
4163
4244
1502
5585
1798
3690
5985
2093
2694
2355
7105
2206
1769
6122
1041
86
66
1125
6558
882
2404
2008
6765
6484
2294
7930
2748
7514
5536
7869
222
6035
3653
5014
7615
4379
2845
146
2857
6486
7824
461
6778
7466
2061
6459
6902
4235
2126
7006
5443
5369
2375
5460
5158
2316
6830
3680
7964
3938
4188
7671
5544
4189
4399
2122
7335
1585
4308
3851
7182
6511
3556
2929
827
381
5116
1027
1659
5330
3791
3611
1178
3614
4552
2281
6820
6154
7202
3373
1164
2388
2986
1556
4728
3065
743
6070
4909
4246
1913
5770
4810
2564
3024
824
449
4635
6748
4125
2360
3525
3739
477
2830
7164
3853
4769
3125
6495
4902
5449
1550
6773
68
4606
5042
3758
776
1512
237
7581
5300
7862
1610
4891
7942
6732
5044
2197
706
1493
3123
7925
7761
1382
2136
471
6553
6620
1157
5597
684
444
2733
7878
7282
4354
6863
2731
7376
67
2190
7895
4756
7779
1892
1568
7494
600
7409
1129
7614
361
5785
3950
7999
6081
4884
1505
3518
2068
3671
2882
389
297
2734
4224
1535
605
3913
406
1240
4070
1447
4185
306
426
1499
4500
3462
7153
5153
4208
5091
90
3033
601
2005
2306
2242
1362
1636
755
6087
791
5913
3378
4389
2759
8
625
7169
7419
5590
817
7918
4371
7875
5621
7390
4028
1500
2973
2452
7618
1634
3300
7133
3959
756
4471
843
4823
1752
4965
1806
6464
7101
2411
5018
1671
4962
1
7855
4453
7565
7109
4121
3725
7651
5779
899
7158
496
5823
4200
5730
2166
4745
3439
1169
5737
4240
114
6232
2853
7624
5781
2072
7838
6090
6057
6392
2510
4859
1247
116
2298
3090
7996
240
1136
4917
1972
1786
5622
4666
1898
4550
2396
6601
3937
1695
1200
7587
5797
458
5920
7130
7251
4609
3686
5402
3471
3165
5606
562
4254
4571
7610
1868
5380
7078
1124
5509
6016
142
7246
2265
172
5086
2627
6716
1980
906
4212
12
1792
4129
6747
2821
5482
5052
5284
2888
6297
3904
315
5535
7853
337
575
563
6622
7712
3296
1940
1908
6111
7966
1278
5047
3056
5648
2174
1842
2302
1072
2374
721
6299
2413
2361
3827
4837
7632
3340
2954
5494
2887
5784
7492
7554
3260
1770
2876
331
6063
6195
4392
821
6203
3539
5192
4943
6407
3844
6352
1761
4259
858
236
5085
1053
6737
1727
4811
5812
6724
3930
3749
5324
128
7127
3341
1128
5409
3287
7919
34
2956
5054
3019
7038
5808
5778
3441
7570
7601
2602
4702
5314
2998
6369
463
5288
2899
4463
3521
980
226
5520
3757
5498
7525
2663
4854
6607
2472
1251
2047
4494
729
6813
4277
2347
7336
4506
4960
2144
5137
1071
7874
4384
7516
6918
4893
7507
3180
4527
400
4045
309
4177
3876
286
2446
6676
5995
343
6552
1858
6721
944
567
5353
3572
184
7183
3813
2877
1400
3354
3646
412
6492
2624
2784
544
138
4418
6317
7167
4725
6324
5417
1960
1062
6445
6527
5923
1763
178
483
732
4450
634
7350
7053
4555
4363
5285
2508
5876
7564
7405
223
7404
4749
6130
1957
6026
807
565
5068
7301
5219
2722
1589
4377
5777
4278
7459
3770
7813
1724
7378
6190
4178
4526
7531
5972
2474
2556
4914
7464
1675
5312
1694
4034
4344
2517
7669
2073
4558
2414
329
466
1885
4958
4173
7914
3484
2611
7840
5393
2819
7541
6456
6634
3242
1843
2951
3137
5238
7711
6346
3393
6772
6610
1068
1538
391
665
81
4175
3531
6256
7023
333
1883
2059
2963
4593
6489
2926
6931
796
2814
5931
3061
5696
2044
5401
3916
2711
1700
1896
630
5878
6068
5445
2194
3856
3096
3222
2277
5259
1638
6393
2558
2214
4937
3833
658
76
7461
227
1325
365
7311
4088
3424
6924
5178
342
2331
947
1407
3509
527
6785
4548
6179
5798
5907
3964
1663
938
6080
4227
3915
6173
7145
2664
7953
6245
7665
6
3810
2708
4416
7049
6177
5666
6871
5977
2605
7230
1704
6528
5370
7033
2000
5130
6693
2834
4614
2341
3549
4919
5946
131
310
2479
5363
6109
6084
3821
2756
4533
1758
7947
559
7088
1750
579
782
1425
6751
2934
7949
1213
2160
1920
4051
4732
3133
3490
6224
1239
3431
4440
2241
4192
3280
5733
3885
198
2763
6263
819
669
448
4288
4100
1753
3873
7196
4541
2111
3368
6105
4382
347
5225
6986
507
680
987
3779
812
5787
5428
5203
1552
3651
301
3093
1344
1141
5193
6919
7436
7082
5430
1276
1269
4677
536
4877
6167
5211
1172
5127
255
7369
3845
2161
1375
7040
6833
7856
6485
1936
3315
884
1398
5533
3900
3958
6688
771
6584
1300
7482
3612
5953
7261
6476
982
3932
4996
6148
7341
1564
5747
3890
7726
1599
7039
705
2159
2969
6323
6548
2299
321
1089
7061
3655
4374
3834
4332
2095
7329
6538
5764
5926
1461
7609
1292
5117
4502
3754
6787
6395
943
4027
5849
1238
6551
4793
6720
6585
421
5486
5900
3173
4301
4195
1807
1614
451
3708
5783
5012
1319
4999
6237
1600
2268
5662
4878
7178
348
7962
7389
1956
4981
1742
4167
5035
469
1656
2297
7530
7381
2116
1083
100
6994
6686
6914
1554
2700
5257
6036
3650
4983
6899
6542
5654
2766
3432
5426
5089
6430
586
6680
537
1223
5269
4971
7297
266
835
4898
716
6255
6646
5092
149
6078
6937
3706
1182
4367
1627
3383
7079
2335
3746
4569
4310
3272
2364
5721
63
2726
1468
4316
1785
661
5126
1195
7593
51
1218
5359
7443
5090
4321
4626
664
2352
4553
6766
2822
79
2657
3519
112
2338
3447
946
5942
1011
5087
1106
3215
914
2102
3707
1374
5433
7021
5724
2604
749
4446
5385
2741
3258
6000
6560
6915
5717
7470
7908
6842
904
1117
4151
2362
6212
3299
17
7825
3282
4582
4267
7819
978
3702
4772
5824
3418
4408
7395
2829
1878
888
1007
7160
4805
3869
3161
4190
3229
2084
462
2886
7846
589
3151
7520
3891
19
1730
7179
4407
4622
711
232
4411
201
3317
4202
5162
2037
5568
7465
7175
6089
2990
2927
2104
324
4353
4640
3513
2962
7478
3995
4307
7641
2092
897
4170
5877
1034
6178
1396
6249
1872
6056
4114
5286
6867
376
7493
1173
7896
2931
4324
998
1723
5008
5109
4591
4400
4020
7749
4824
1346
5528
84
3256
431
5883
3013
6953
2974
607
6770
4566
7384
3306
599
6738
1640
810
1139
5586
2210
1967
3681
4642
4976
6342
6225
7912
6499
2652
3924
5389
6204
3996
3818
151
2051
735
6623
6825
1255
4362
769
404
4706
2804
72
3581
6925
6010
6064
6331
1189
6362
6588
2895
6388
7214
7223
5367
7995
3590
6513
293
3181
2327
7231
5379
6437
1995
1201
2237
956
4495
6709
7463
1745
3552
3351
7288
6073
3429
737
3156
3501
795
3230
3239
6530
7000
6589
5377
5591
356
4629
5135
935
369
5618
6335
3776
2840
197
2243
591
7263
7519
1455
6568
6841
1846
6973
5236
3670
5703
3547
3
4767
3291
5423
646
1904
4740
918
4184
6472
1017
617
6374
2376
3204
5788
1424
5230
4560
6292
3069
5688
1203
4545
5846
6699
3734
4682
7363
2473
1197
4080
7116
5437
3041
2309
1369
1662
4623
1690
1476
6593
2675
6850
2392
1857
2004
6125
77
6516
2642
6176
2502
5283
4576
6438
3198
2289
1860
7580
1970
5673
1101
3331
4863
6865
3474
2516
4784
4748
5912
2534
629
3303
4369
825
7092
1544
5133
1390
1347
7788
2762
6594
7606
7211
5814
4926
1464
7177
2614
5115
7904
7710
4727
6341
1558
3438
5094
984
1991
2695
5023
5011
4544
3790
2007
3105
4511
7970
3533
3141
3975
6088
36
4994
4326
6047
3910
1395
7890
3934
1471
2799
2831
6713
2902
1643
5061
1882
3450
5346
6215
5473
793
578
2032
1406
3666
7475
5055
7652
4295
6424
1831
4924
996
4483
1532
5632
1312
6852
4704
7860
5157
3559
7272
1865
2182
2615
1061
3981
2489
3992
1235
1332
2688
5396
1044
4081
2964
1993
4703
1716
1874
4291
5684
964
2860
6401
1849
3772
2368
425
5831
1961
5167
4182
7275
4035
7750
7667
1415
6529
5727
6692
7902
2566
4729
670
4482
7285
5830
6347
7080
3433
4040
4347
1215
6172
3379
2058
269
5874
3558
1829
1207
5557
5412
4464
1804
942
3238
4585
5361
1735
5040
5030
7499
780
4230
366
6970
2610
330
2034
2919
977
4944
5940
2798
997
3365
1947
217
597
931
1683
3443
869
1477
739
5549
1233
7806
3342
4149
3999
7070
1126
7691
95
2406
290
6909
3219
3780
7155
1140
3597
3330
5709
3709
5006
1429
7683
18
7421
3071
7555
6381
1379
6291
2444
2384
512
3279
1342
7577
1508
7521
2548
1870
1153
6750
6473
7303
3479
4050
6227
2938
1958
473
5634
7682
4153
3730
2445
2490
5676
4397
1297
6592
401
3605
7629
275
2883
1623
1335
5959
5165
5208
3167
577
5246
133
6318
781
1897
3699
4572
685
4143
2713
1184
2097
4778
6795
5462
7174
6140
5911
4908
6200
3186
979
4405
7481
1144
5635
6334
751
3177
1063
2120
7115
6094
2075
4947
7913
5334
5226
6866
7331
7439
4211
3469
895
928
6221
2623
4835
4305
1902
829
3669
2267
2509
4404
6533
1296
4225
5611
6695
3731
5934
5341
7364
3726
4782
6555
6344
7411
5296
4720
1707
6067
3284
744
3209
2914
3598
2745
7161
6621
4442
5829
251
1685
1039
6799
6771
3216
4274
2968
5547
5250
120
5007
2426
7509
283
2760
7920
7413
5313
2336
691
7232
6549
6907
501
1484
2211
317
6665
382
3625
4504
7433
7290
3029
4812
4388
3451
1014
7698
4037
4099
6132
5097
2165
5735
2403
6972
6328
5216
4072
4134
4627
6532
6988
7382
397
4036
1867
2957
303
3014
1025
1416
2836
7787
6993
6811
2149
3420
5686
5404
7265
5599
6006
5025
893
7338
5582
2455
1821
3886
717
6701
89
7664
648
2693
2950
7240
4659
386
7935
4667
1984
5146
3460
6671
3954
6030
7537
1910
1421
1036
2581
2781
4247
5871
3976
413
4612
3006
1836
4536
5539
5082
4829
3575
7987
3488
4868
123
5952
7066
874
7321
2485
5546
3235
7426
3392
800
3888
3480
2512
4865
2643
2105
281
5352
842
5244
3755
27
5855
6097
4849
7707
5321
2771
6957
7561
2395
3220
2103
7893
6498
4406
1781
5074
3838
7396
2705
1496
1265
3083
6209
4325
4480
6804
7221
1963
7687
4260
7162
5765
4156
7899
7110
6175
5152
7081
3774
107
966
1805
423
2570
2561
4043
7031
4520
1866
243
5859
6517
1318
2812
2807
5301
5860
2493
4588
4752
759
4800
5973
5048
1462
4315
752
4077
4146
7015
5571
2239
5245
4372
5984
6984
2405
1534
5532
1085
1451
3923
3407
405
2739
4221
2750
4451
1133
727
4712
5422
6426
6689
6696
3639
136
1376
7228
2114
6117
5252
3701
3298
74
4717
6466
7429
1966
7157
4219
7839
804
641
429
5184
3824
5628
2506
435
7189
7818
5914
4985
4340
5371
3514
3887
5569
5732
6302
0
2746
945
5869
16
1310
5967
2838
7596
4974
2280
4726
700
4206
5272
1567
2146
3464
909
7931
5642
2041
1894
3122
5856
7420
7128
7487
3569
6571
4897
3712
7209
6636
6308
1266
7144
3281
7370
6286
3667
7626
3444
5563
4299
6170
5331
584
3700
6656
886
3604
6482
5945
1999
3814
3663
3895
633
4988
1333
2671
2415
2946
1594
1350
7349
5180
3110
6965
2398
7057
6932
3217
6447
3149
285
6226
4076
3012
5378
1100
4660
5224
2879
3500
6933
1971
402
1646
2596
4963
6059
1648
1597
7298
7630
1992
1059
4912
5689
7746
6757
4492
7887
6602
5969
187
3846
6363
3835
7266
1115
2177
1511
3322
5332
4283
3233
872
954
7627
1456
2735
5031
3184
5518
4621
4617
1618
774
2070
2816
4130
3139
1755
2939
3848
5176
767
7602
6847
6982
3422
277
2668
6843
6126
4456
3085
1151
3723
6860
4317
7484
5992
995
6222
2646
2786
5659
6797
4022
253
2016
4529
4554
5980
627
7241
3767
5677
6197
238
7139
673
1569
2380
7753
5043
917
3649
3517
1746
3727
4233
3808
5817
2191
1714
2255
190
6814
6143
2994
4866
2245
3400
1480
1430
1503
1574
6926
4380
6545
6582
4979
5938
242
2076
5687
4933
3811
867
3716
1079
6058
7910
5974
4839
7291
3142
3536
3642
4604
338
6904
7702
3409
7087
3442
2603
6975
2402
2999
4952
2226
5523
5039
1811
4874
6697
595
3266
1224
5678
7287
4625
5857
5682
1108
1925
5794
7864
7729
5144
2344
6893
3803
6508
2851
4097
392
6880
5322
1289
7538
7728
6654
3386
5263
1576
7636
83
5893
5751
5416
2918
2475
1526
4252
1187
7431
7034
4015
6930
6780
3472
5683
2010
1020
1399
3955
6247
2330
5083
4838
3769
856
4953
838
957
7119
1217
2542
3864
1593
4203
375
4133
191
5707
5872
1090
2949
7578
3979
6742
3908
4807
2285
5239
1271
2749
5032
6608
2091
6155
7848
2153
4257
5200
3617
1317
7823
2246
2546
4164
4956
3990
29
3894
3274
5319
4102
3245
5294
1481
3080
523
3103
2533
4120
3567
1733
1844
3962
7701
7961
6687
3592
5577
1168
587
1273
316
600
1351
1940
1838
1045
1511
253
1207
811
1450
218
635
1363
1114
1003
877
60
1700
650
1588
69
707
956
1305
1472
830
1479
1609
837
1818
1527
1646
874
1075
1150
1736
1340
24
1804
1557
1447
372
858
942
387
1118
1600
243
680
373
1413
1477
300
49
893
186
285
1937
1470
27
1018
711
259
1787
1555
1341
1892
1519
1861
768
1069
1932
788
546
225
1227
1188
398
1122
1396
625
1580
1293
290
278
191
412
1994
1334
931
1501
354
795
47
572
1711
813
763
1788
1949
911
1080
251
1076
1474
1820
1842
1055
449
1276
1538
1606
1824
125
896
1210
993
1297
1539
477
1060
1524
593
1261
570
1051
1042
899
1649
903
364
1598
1811
490
1307
1390
949
1829
616
17
704
495
1574
1901
1934
748
1912
1255
1439
1802
975
1064
1342
1170
1126
1985
805
790
1140
843
140
1460
1648
771
1100
1247
718
1217
774
434
1947
1785
732
934
1399
876
519
952
1423
1272
1239
1565
1873
888
266
180
1411
189
1789
223
1664
900
183
1669
945
1420
390
292
1816
1465
822
533
1525
1894
1336
78
451
1544
1967
1047
327
847
1716
803
1652
1679
1081
450
40
1930
818
1490
1846
238
1914
1403
418
1048
998
925
1640
345
982
428
1209
1220
679
997
817
1723
1617
135
283
1632
1921
1302
791
1032
708
746
402
344
411
1589
1618
1123
632
396
1782
1823
321
537
904
1129
905
724
619
162
742
474
275
551
807
541
785
1735
250
95
1281
1019
1206
958
1143
1779
144
1110
100
406
686
1576
145
1626
518
1315
1602
745
1977
1938
1021
1494
277
725
1533
170
1171
1961
1999
184
1855
476
1821
260
624
311
201
862
1157
667
236
134
687
93
379
1762
1654
1728
13
1878
717
74
127
389
1481
762
1568
1889
1990
922
1933
1964
661
25
961
46
128
1935
1798
637
1916
1382
131
1552
499
1522
1941
9
760
1246
1496
353
710
1108
288
1091
1856
787
273
1238
1111
832
1488
376
228
695
1458
802
1468
1624
1212
247
928
401
939
1208
1831
442
1485
346
1333
1703
1517
1513
1560
601
51
563
513
693
77
72
104
604
1575
438
809
1681
332
302
1638
1145
272
1784
963
73
1535
1379
1292
1629
1035
564
199
350
20
120
1717
1234
1868
730
1875
1924
740
1370
532
669
1248
685
436
656
1843
1198
1349
1054
269
1182
429
1761
612
1225
1813
1604
473
1007
1567
528
627
1701
56
1748
663
1044
808
614
1346
239
645
1249
276
151
733
480
552
391
0
1931
1670
16
1067
1426
1561
1066
1043
508
1424
1062
1526
1146
1008
1404
1359
122
1020
792
328
1083
455
938
1810
512
662
1691
1058
1558
1893
475
164
81
1229
1586
659
1518
117
237
400
1444
1201
1354
1870
1049
1259
1850
282
816
1827
1982
1
840
631
639
1347
1147
1282
946
670
1905
242
1453
1891
855
1017
1756
155
927
279
1228
289
1365
1852
1264
605
506
207
52
585
1366
370
1840
971
1596
359
1030
751
1858
1726
1113
178
240
1440
1554
1368
1819
26
1092
910
1077
844
618
1071
1837
573
129
1577
197
575
902
1585
1702
747
540
1773
1230
166
1662
1765
1919
249
1380
217
1149
901
1587
206
1572
1529
1767
365
1084
1023
1770
898
985
1178
1989
320
534
226
1972
968
113
404
89
176
1187
1720
248
310
1356
1367
729
1199
1223
433
889
1637
1780
1854
1010
814
1573
702
1719
274
1180
57
1381
621
1828
644
779
758
1073
1995
377
1131
1542
584
1416
1943
1169
1969
651
1872
778
1769
1913
820
426
1650
1437
1516
340
800
1545
1775
446
571
1627
1502
1920
798
628
1874
944
1294
5
1445
1948
80
1452
362
150
465
1698
829
1290
1705
103
466
917
864
954
1310
503
1830
1499
208
1155
1853
926
232
305
231
491
1218
309
1665
1895
1620
856
1699
860
194
984
1375
1562
1308
543
1952
1706
638
1991
1729
414
833
295
964
3
435
1241
812
158
726
1677
1817
1117
318
1204
281
1498
1860
1915
1096
458
1581
1548
560
1743
764
421
368
1224
595
200
1298
1164
1591
603
1088
1495
1980
1300
1425
1405
481
331
343
1434
1039
1243
1253
1955
102
962
1881
444
1141
666
865
99
1078
538
1085
1376
394
983
1727
1244
505
1295
674
1721
235
464
188
1614
845
1777
1877
1993
1988
97
1441
1033
1278
1551
1461
1792
933
1825
1800
1215
1523
789
1161
1028
1372
516
885
1299
1628
245
1684
149
1509
173
1383
267
4
1794
692
1897
1836
1121
1322
1377
1569
1739
1324
1774
1385
1319
1822
1013
1473
501
1343
416
1642
105
1002
664
500
1944
1137
306
660
1661
1655
1753
770
510
1109
352
699
487
1953
675
1619
405
797
1027
1195
583
1814
1289
668
609
1414
1037
755
1446
522
1979
989
136
1559
769
643
1360
799
1730
1882
960
1029
870
1744
90
190
205
940
569
727
1633
1594
21
728
98
1611
1621
819
75
1971
1090
929
1923
1834
1984
565
602
1312
1512
1061
1358
547
454
1566
45
1025
607
341
1963
535
1291
1467
1582
1361
1847
1546
1166
890
1163
549
694
594
1046
1286
126
1106
1135
577
1087
1089
1674
974
463
153
641
1505
403
1673
1926
246
101
1689
786
156
114
1845
195
1059
1400
1269
1388
1409
1675
1608
872
1571
1154
1547
349
596
11
606
581
863
851
192
32
213
392
1751
1564
753
1906
831
397
110
486
423
923
1050
1101
142
1833
430
469
1194
1786
361
252
1760
1022
1112
1406
1832
262
592
1583
781
1599
623
531
43
319
1257
1651
1694
1954
1928
1809
1563
1946
1202
395
83
735
12
1879
861
196
634
959
924
1951
1004
1265
517
1742
936
1740
1016
992
1167
741
737
168
1635
852
520
1185
478
677
264
1672
548
556
304
15
622
1355
1791
497
1532
1866
777
1643
1231
754
1865
824
58
1120
1397
1549
157
678
1196
1899
161
330
937
714
453
59
642
1686
567
86
408
1174
1826
91
14
906
1179
1226
706
1158
137
542
849
1057
514
388
1507
1983
782
424
301
859
1737
626
1070
212
935
1704
1707
335
1252
1369
1097
894
672
216
130
1459
1451
1107
1763
1541
1222
1177
297
511
1783
378
854
1132
382
756
1219
576
599
887
955
1504
193
107
1887
766
65
1326
111
752
1063
1590
950
1456
1612
420
1790
920
550
76
507
530
367
723
323
1203
439
509
953
143
1350
1605
1317
1235
977
1886
1329
867
55
493
133
1213
1266
257
821
198
1996
106
1221
1435
1065
1173
1026
1758
801
177
1438
425
1772
1510
978
1387
815
967
385
214
1197
1671
557
1454
1607
369
1258
1156
1883
649
930
875
1597
1550
1357
413
1344
1656
337
1393
579
1733
203
220
1306
1658
976
85
654
280
578
431
1647
363
445
881
427
1806
690
613
1508
712
1301
1364
1153
312
1898
410
88
1653
1432
1152
873
419
1384
30
784
715
1136
559
1839
1181
479
417
701
1521
915
488
1841
720
7
204
1639
676
767
1771
1958
393
1500
356
210
681
244
1040
1796
1232
41
315
1781
1695
1746
640
1448
539
1992
1812
261
38
1713
1657
1484
1959
1237
358
1036
298
1636
44
1309
1001
1476
1697
399
750
810
1531
468
1144
53
35
19
459
1630
255
688
1280
1492
1125
308
1011
1216
1328
836
351
329
1610
1712
109
407
1752
1325
731
1682
374
215
1595
1038
597
780
1436
1015
36
1191
1313
1296
471
326
1462
1907
63
1497
1284
919
589
636
653
1909
683
1318
700
1052
409
1012
1929
705
221
141
1486
457
1068
1734
1660
271
322
1116
1851
1663
591
224
342
973
355
185
68
462
734
229
1338
1997
527
783
496
554
119
1288
1503
61
951
82
456
1693
112
222
1275
172
1392
1793
174
432
696
23
1345
163
1708
611
307
1801
561
1986
620
334
1277
1616
1098
684
834
299
544
1749
793
1678
1493
1321
1024
10
1159
1105
536
719
947
1311
1457
79
87
1918
648
523
1766
545
1053
1688
633
159
187
1427
1463
169
460
1745
31
1803
1082
502
303
256
381
1592
1903
1283
713
1401
1335
1709
1644
1965
347
969
1127
1429
1086
1835
317
1603
1430
1417
987
948
1348
1041
50
1009
84
1482
67
709
33
360
1398
1374
1323
1615
590
738
1859
1422
1254
1014
1130
467
1190
1304
1233
1960
1139
1776
2
34
1623
268
1715
1966
1908
970
1778
437
1162
698
1676
646
1378
761
1528
759
270
121
1466
1970
54
1987
70
324
1641
294
1442
1362
1074
1981
1160
181
972
1849
999
1864
580
211
895
233
979
773
64
254
866
1939
139
258
1848
1240
1142
1410
1927
441
175
1475
1031
988
1514
124
1236
380
241
665
1330
42
483
1731
482
123
1115
1245
1975
1148
749
1725
1578
1262
1515
1056
555
1902
1862
1738
48
338
1483
1079
1911
1888
1976
1556
357
1613
1449
165
941
691
673
588
1133
1395
1394
383
94
284
1250
965
1373
291
1622
1386
1805
990
1900
1871
566
472
1759
384
1579
1593
568
1973
286
850
1352
841
116
525
1534
293
1962
452
339
1768
1885
1408
314
1491
227
916
878
371
1570
883
1922
835
484
1184
1880
744
115
132
842
1896
996
1124
757
1750
167
1506
913
1904
386
1263
794
1666
313
562
914
498
1645
1389
1443
918
1412
722
1857
1099
375
1687
981
1428
739
1193
574
494
1072
521
838
1303
736
447
1353
796
492
1741
869
6
1094
234
147
1095
92
1584
1271
1192
1431
366
980
775
1957
617
892
1464
1540
921
1795
1478
1683
1138
461
1006
1876
1005
71
1690
1863
1471
422
1714
806
443
333
891
1764
776
1000
716
415
598
826
325
1034
1189
1103
655
8
1956
608
1925
1175
586
553
1867
62
828
1183
230
1339
160
1320
1553
1287
1489
263
1974
1942
515
629
1724
943
66
1978
957
1402
897
1917
1601
182
703
202
743
1722
1936
882
1200
1536
1480
1251
658
1211
1316
615
152
1815
22
1104
848
1327
868
825
1186
1884
1119
1134
485
907
697
209
1274
1799
1337
689
1260
1331
1718
1968
529
1537
1668
146
1172
1455
871
1692
219
1371
804
1314
1270
909
657
1634
772
630
879
1391
995
1102
440
1469
765
1696
526
1950
154
1165
1279
1890
296
827
148
108
1242
1844
28
880
986
1797
1205
647
1421
1667
839
504
524
1151
610
846
912
1093
908
582
1754
1419
39
336
1808
1433
171
1945
682
18
966
1418
991
489
1998
348
1214
1267
470
652
1128
179
265
1685
96
1807
287
886
1710
1407
1520
932
1285
823
1543
1910
1869
1757
448
671
1680
884
721
1631
558
1176
1625
1268
1530
1487
1256
853
857
1755
138
1332
1747
1659
118
37
1415
994
29
1732
